TrialN,Sample,BlockN,StimType,rawRT,corrNT,corrTG,ITI,RT
1,2719,1,0,NaN,1,NaN,0.798828125,NaN
2,3128,1,0,NaN,1,NaN,0.798828125,NaN
3,3537,1,0,NaN,1,NaN,0.80078125,NaN
4,3947,1,0,NaN,1,NaN,0.80078125,NaN
5,4357,1,0,NaN,1,NaN,0.798828125,NaN
6,4766,1,0,NaN,1,NaN,0.80078125,NaN
7,5176,1,0,NaN,1,NaN,0.798828125,NaN
8,5585,1,0,NaN,0,NaN,0.80078125,1.189453125
9,5995,1,0,0.388671875,1,NaN,0.798828125,NaN
10,6404,1,0,NaN,1,NaN,0.80078125,NaN
11,6814,1,1,NaN,NaN,0,1.119140625,NaN
12,7387,1,0,NaN,1,NaN,0.80078125,NaN
13,7797,1,0,NaN,1,NaN,0.80078125,NaN
14,8207,1,0,NaN,1,NaN,0.798828125,NaN
15,8616,1,0,NaN,1,NaN,0.80078125,NaN
16,9026,1,0,NaN,1,NaN,0.798828125,NaN
17,9435,1,0,NaN,1,NaN,0.80078125,NaN
18,9845,1,0,NaN,1,NaN,0.80078125,NaN
19,10255,1,1,NaN,NaN,1,1.119140625,1.46875
20,10828,1,0,0.349609375,1,NaN,0.798828125,NaN
21,11237,1,0,NaN,1,NaN,0.80078125,NaN
22,11647,1,0,NaN,1,NaN,0.798828125,NaN
23,12056,1,0,NaN,1,NaN,0.80078125,NaN
24,12466,1,0,NaN,1,NaN,0.80078125,NaN
25,12876,1,0,NaN,1,NaN,0.798828125,NaN
26,13285,1,0,NaN,1,NaN,0.80078125,NaN
27,13695,1,0,NaN,1,NaN,0.798828125,NaN
28,14104,1,0,NaN,1,NaN,0.80078125,NaN
29,14514,1,0,NaN,1,NaN,0.798828125,NaN
30,14923,1,0,NaN,1,NaN,0.80078125,NaN
31,15333,1,0,NaN,1,NaN,0.80078125,NaN
32,15743,1,0,NaN,1,NaN,0.798828125,NaN
33,16152,1,1,1.109375,NaN,1,1.12109375,1.109375
34,16726,1,0,NaN,1,NaN,0.798828125,NaN
35,17135,1,0,NaN,1,NaN,0.80078125,NaN
36,17545,1,0,NaN,1,NaN,0.798828125,NaN
37,17954,1,0,NaN,1,NaN,0.80078125,NaN
38,18364,1,0,NaN,1,NaN,0.80078125,NaN
39,18774,1,0,NaN,1,NaN,0.798828125,NaN
40,19183,1,0,NaN,1,NaN,0.80078125,NaN
41,19593,1,0,NaN,1,NaN,0.798828125,NaN
42,20002,1,0,NaN,1,NaN,0.80078125,NaN
43,20412,1,0,NaN,1,NaN,0.798828125,NaN
44,20821,1,0,NaN,1,NaN,0.80078125,NaN
45,21231,1,1,NaN,NaN,1,1.119140625,1.421875
46,21804,1,0,0.302734375,1,NaN,0.80078125,NaN
47,22214,1,0,NaN,1,NaN,0.798828125,NaN
48,22623,1,0,NaN,1,NaN,0.80078125,NaN
49,23033,1,0,NaN,1,NaN,0.798828125,NaN
50,23442,1,0,NaN,1,NaN,0.80078125,NaN
51,23852,1,0,NaN,1,NaN,0.80078125,NaN
52,24262,1,1,NaN,NaN,1,1.119140625,1.404296875
53,24835,1,0,0.28515625,1,NaN,0.80078125,NaN
54,25245,1,0,NaN,1,NaN,0.798828125,NaN
55,25654,1,0,NaN,1,NaN,0.80078125,NaN
56,26064,1,0,NaN,1,NaN,0.798828125,NaN
57,26473,1,0,NaN,1,NaN,0.80078125,NaN
58,26883,1,0,NaN,1,NaN,0.80078125,NaN
59,27293,1,1,NaN,NaN,1,1.119140625,1.396484375
60,27866,1,0,0.27734375,1,NaN,0.798828125,NaN
61,28275,1,0,NaN,1,NaN,0.80078125,NaN
62,28685,1,0,NaN,1,NaN,0.798828125,NaN
63,29094,1,0,NaN,1,NaN,0.80078125,NaN
64,29504,1,0,NaN,1,NaN,0.80078125,NaN
65,29914,1,0,NaN,1,NaN,0.798828125,NaN
66,30323,1,0,NaN,1,NaN,0.80078125,NaN
67,30733,1,0,NaN,1,NaN,0.80078125,NaN
68,31143,1,0,NaN,1,NaN,0.798828125,NaN
69,31552,1,1,NaN,NaN,1,1.12109375,1.509765625
70,32126,1,0,0.388671875,1,NaN,0.798828125,NaN
71,32535,1,0,NaN,1,NaN,0.80078125,NaN
72,32945,1,0,NaN,1,NaN,0.798828125,NaN
73,33354,1,0,NaN,1,NaN,0.798828125,NaN
74,33763,1,0,NaN,1,NaN,0.80078125,NaN
75,34173,1,0,NaN,1,NaN,0.80078125,NaN
76,34583,1,0,NaN,1,NaN,0.798828125,NaN
77,34992,1,0,NaN,1,NaN,0.80078125,NaN
78,35402,1,1,NaN,NaN,1,1.119140625,1.64453125
79,35975,1,0,0.525390625,1,NaN,0.80078125,NaN
80,36385,1,0,NaN,1,NaN,0.798828125,NaN
81,36794,1,0,NaN,1,NaN,0.80078125,NaN
82,37204,1,0,NaN,1,NaN,0.798828125,NaN
83,37613,1,0,NaN,1,NaN,0.80078125,NaN
84,38023,1,0,NaN,1,NaN,0.80078125,NaN
85,38433,1,0,NaN,1,NaN,0.798828125,NaN
86,38842,1,0,NaN,1,NaN,0.80078125,NaN
87,39252,1,0,NaN,1,NaN,0.798828125,NaN
88,39661,1,0,NaN,1,NaN,0.80078125,NaN
89,40071,1,0,NaN,1,NaN,0.798828125,NaN
90,40480,1,1,NaN,NaN,0,1.12109375,NaN
91,41054,1,0,NaN,1,NaN,0.798828125,NaN
92,41463,1,0,NaN,1,NaN,0.80078125,NaN
93,41873,1,0,NaN,1,NaN,0.798828125,NaN
94,42282,1,0,NaN,1,NaN,0.80078125,NaN
95,42692,1,0,NaN,1,NaN,0.80078125,NaN
96,43102,1,0,NaN,1,NaN,0.798828125,NaN
97,43511,1,0,NaN,1,NaN,0.80078125,NaN
98,43921,1,0,NaN,1,NaN,0.80078125,NaN
99,44331,1,0,NaN,1,NaN,0.798828125,NaN
100,44740,1,0,NaN,1,NaN,0.80078125,NaN
101,45150,1,0,NaN,1,NaN,0.798828125,NaN
102,45559,1,0,NaN,1,NaN,0.80078125,NaN
103,45969,1,0,NaN,1,NaN,0.798828125,NaN
104,46378,1,1,NaN,NaN,1,1.12109375,1.212890625
105,46952,1,0,0.091796875,1,NaN,0.798828125,NaN
106,47361,1,0,NaN,1,NaN,0.80078125,NaN
107,47771,1,0,NaN,1,NaN,0.80078125,NaN
108,48181,1,0,NaN,1,NaN,0.798828125,NaN
109,48590,1,0,NaN,1,NaN,0.798828125,NaN
110,48999,1,0,NaN,1,NaN,0.80078125,NaN
111,49409,1,0,NaN,1,NaN,0.798828125,NaN
112,49818,1,0,NaN,1,NaN,0.80078125,NaN
113,50228,1,1,NaN,NaN,1,1.119140625,1.61328125
114,50801,1,0,0.494140625,1,NaN,0.80078125,NaN
115,51211,1,0,NaN,1,NaN,0.80078125,NaN
116,51621,1,0,NaN,1,NaN,0.798828125,NaN
117,52030,1,0,NaN,1,NaN,0.80078125,NaN
118,52440,1,0,NaN,1,NaN,0.798828125,NaN
119,52849,1,0,NaN,1,NaN,0.80078125,NaN
120,53259,1,0,NaN,1,NaN,0.798828125,NaN
121,53668,1,0,NaN,1,NaN,0.80078125,NaN
122,54078,1,0,NaN,1,NaN,0.80078125,NaN
123,54488,1,1,NaN,NaN,1,1.119140625,1.525390625
124,55061,1,0,0.40625,1,NaN,0.80078125,NaN
125,55471,1,0,NaN,1,NaN,0.798828125,NaN
126,55880,1,0,NaN,1,NaN,0.80078125,NaN
127,56290,1,0,NaN,1,NaN,0.798828125,NaN
128,56699,1,0,NaN,1,NaN,0.80078125,NaN
129,57109,1,0,NaN,1,NaN,0.80078125,NaN
130,57519,1,0,NaN,1,NaN,0.798828125,NaN
131,57928,1,0,NaN,1,NaN,0.798828125,NaN
132,58337,1,1,NaN,NaN,1,1.12109375,1.294921875
133,58911,1,0,0.173828125,1,NaN,0.798828125,NaN
134,59320,1,0,NaN,1,NaN,0.80078125,NaN
135,59730,1,0,NaN,1,NaN,0.80078125,NaN
136,60140,1,0,NaN,1,NaN,0.798828125,NaN
137,60549,1,0,NaN,1,NaN,0.80078125,NaN
138,60959,1,0,NaN,1,NaN,0.798828125,NaN
139,61368,1,1,NaN,NaN,1,1.12109375,1.357421875
140,61942,1,0,0.236328125,1,NaN,0.798828125,NaN
141,62351,1,0,NaN,1,NaN,0.80078125,NaN
142,62761,1,0,NaN,1,NaN,0.798828125,NaN
143,63170,1,0,NaN,1,NaN,0.80078125,NaN
144,63580,1,0,NaN,1,NaN,0.798828125,NaN
145,63989,1,0,NaN,1,NaN,0.80078125,NaN
146,64399,1,0,NaN,1,NaN,0.80078125,NaN
147,64809,1,0,NaN,1,NaN,0.798828125,NaN
148,65218,1,0,NaN,1,NaN,0.80078125,NaN
149,65628,1,0,NaN,1,NaN,0.80078125,NaN
150,66038,1,0,NaN,1,NaN,0.798828125,NaN
151,66447,1,0,NaN,1,NaN,0.80078125,NaN
152,66857,1,0,NaN,1,NaN,0.798828125,NaN
153,67266,1,1,NaN,NaN,1,1.12109375,1.326171875
154,67840,1,0,0.205078125,1,NaN,0.798828125,NaN
155,68249,1,0,NaN,1,NaN,0.80078125,NaN
156,68659,1,0,NaN,1,NaN,0.798828125,NaN
157,69068,1,0,NaN,1,NaN,0.80078125,NaN
158,69478,1,0,NaN,1,NaN,0.798828125,NaN
159,69887,1,0,NaN,1,NaN,0.80078125,NaN
160,70297,1,0,NaN,1,NaN,0.798828125,NaN
161,70706,1,0,NaN,1,NaN,0.80078125,NaN
162,71116,1,1,NaN,NaN,1,1.12109375,1.29296875
163,71690,1,0,0.171875,1,NaN,0.798828125,NaN
164,72099,1,0,NaN,1,NaN,0.80078125,NaN
165,72509,1,0,NaN,1,NaN,0.798828125,NaN
166,72918,1,0,NaN,1,NaN,0.80078125,NaN
167,73328,1,0,NaN,1,NaN,0.798828125,NaN
168,73737,1,0,NaN,1,NaN,0.80078125,NaN
169,74147,1,0,NaN,1,NaN,0.798828125,NaN
170,74556,1,0,NaN,1,NaN,0.80078125,NaN
171,74966,1,1,NaN,NaN,0,1.119140625,NaN
172,75539,1,0,NaN,1,NaN,0.80078125,NaN
173,75949,1,0,NaN,1,NaN,0.798828125,NaN
174,76358,1,0,NaN,1,NaN,0.80078125,NaN
175,76768,1,0,NaN,1,NaN,0.80078125,NaN
176,77178,1,0,NaN,1,NaN,0.798828125,NaN
177,77587,1,0,NaN,1,NaN,0.80078125,NaN
178,77997,1,0,NaN,1,NaN,0.798828125,NaN
179,78406,1,0,NaN,1,NaN,0.80078125,NaN
180,78816,1,0,NaN,1,NaN,0.798828125,NaN
181,79225,1,0,NaN,1,NaN,0.80078125,NaN
182,79635,1,1,NaN,NaN,1,1.12109375,1.484375
183,80209,1,0,0.36328125,1,NaN,0.798828125,NaN
184,80618,1,0,NaN,1,NaN,0.80078125,NaN
185,81028,1,0,NaN,1,NaN,0.798828125,NaN
186,81437,1,0,NaN,1,NaN,0.80078125,NaN
187,81847,1,0,NaN,1,NaN,0.798828125,NaN
188,82256,1,0,NaN,1,NaN,0.80078125,NaN
189,82666,1,0,NaN,1,NaN,0.798828125,NaN
190,83075,1,0,NaN,1,NaN,0.80078125,NaN
191,83485,1,0,NaN,1,NaN,0.798828125,NaN
192,83894,1,0,NaN,1,NaN,0.80078125,NaN
193,84304,1,1,NaN,NaN,1,1.119140625,1.40625
194,84877,1,0,0.287109375,1,NaN,0.80078125,NaN
195,85287,1,0,NaN,1,NaN,0.798828125,NaN
196,85696,1,0,NaN,1,NaN,0.80078125,NaN
197,86106,1,0,NaN,1,NaN,0.80078125,NaN
198,86516,1,0,NaN,1,NaN,0.798828125,NaN
199,86925,1,0,NaN,1,NaN,0.80078125,NaN
200,87335,1,0,NaN,1,NaN,0.798828125,NaN
201,87744,1,0,NaN,1,NaN,0.80078125,NaN
202,88154,1,0,NaN,1,NaN,0.798828125,NaN
203,88563,1,0,NaN,1,NaN,0.80078125,NaN
204,88973,1,0,NaN,1,NaN,0.80078125,NaN
205,89383,1,0,NaN,1,NaN,0.798828125,NaN
206,89792,1,1,NaN,NaN,1,1.12109375,1.205078125
207,90366,1,0,0.083984375,1,NaN,0.798828125,NaN
208,90775,1,0,NaN,1,NaN,0.80078125,NaN
209,91185,1,0,NaN,1,NaN,0.798828125,NaN
210,91594,1,0,NaN,1,NaN,0.80078125,NaN
211,92004,1,0,NaN,1,NaN,0.80078125,NaN
212,92414,1,0,NaN,1,NaN,0.798828125,NaN
213,92823,1,0,NaN,1,NaN,0.80078125,NaN
214,93233,1,0,NaN,1,NaN,0.798828125,NaN
215,93642,1,0,NaN,1,NaN,0.80078125,NaN
216,94052,1,0,NaN,1,NaN,0.80078125,NaN
217,94462,1,0,NaN,1,NaN,0.798828125,NaN
218,94871,1,0,NaN,1,NaN,0.798828125,NaN
219,95280,1,1,NaN,NaN,1,1.12109375,1.357421875
220,95854,1,0,0.236328125,1,NaN,0.798828125,NaN
221,96263,1,0,NaN,1,NaN,0.80078125,NaN
222,96673,1,0,NaN,1,NaN,0.798828125,NaN
223,97082,1,0,NaN,0,NaN,0.80078125,1.142578125
224,97492,1,0,0.341796875,1,NaN,0.80078125,NaN
225,97902,1,0,NaN,1,NaN,85.75390625,NaN
226,141808,2,0,NaN,1,NaN,0.798828125,NaN
227,142217,2,0,NaN,1,NaN,0.80078125,NaN
228,142627,2,0,NaN,1,NaN,0.798828125,NaN
229,143036,2,0,NaN,1,NaN,0.798828125,NaN
230,143445,2,0,NaN,1,NaN,0.80078125,NaN
231,143855,2,0,NaN,1,NaN,0.798828125,NaN
232,144264,2,0,NaN,1,NaN,0.80078125,NaN
233,144674,2,0,NaN,1,NaN,0.80078125,NaN
234,145084,2,0,NaN,1,NaN,0.798828125,NaN
235,145493,2,0,NaN,1,NaN,0.80078125,NaN
236,145903,2,0,NaN,1,NaN,0.798828125,NaN
237,146312,2,0,NaN,1,NaN,0.80078125,NaN
238,146722,2,1,NaN,NaN,1,1.119140625,1.4609375
239,147295,2,0,0.341796875,1,NaN,0.80078125,NaN
240,147705,2,0,NaN,1,NaN,0.798828125,NaN
241,148114,2,0,NaN,1,NaN,0.80078125,NaN
242,148524,2,0,NaN,1,NaN,0.80078125,NaN
243,148934,2,0,NaN,1,NaN,0.798828125,NaN
244,149343,2,0,NaN,1,NaN,0.80078125,NaN
245,149753,2,0,NaN,1,NaN,0.80078125,NaN
246,150163,2,0,NaN,1,NaN,0.798828125,NaN
247,150572,2,1,NaN,NaN,0,1.119140625,NaN
248,151145,2,0,NaN,1,NaN,0.80078125,NaN
249,151555,2,0,NaN,1,NaN,0.798828125,NaN
250,151964,2,0,NaN,1,NaN,0.80078125,NaN
251,152374,2,0,NaN,1,NaN,0.798828125,NaN
252,152783,2,0,NaN,1,NaN,0.80078125,NaN
253,153193,2,0,NaN,1,NaN,0.80078125,NaN
254,153603,2,0,NaN,1,NaN,0.798828125,NaN
255,154012,2,0,NaN,1,NaN,0.80078125,NaN
256,154422,2,0,NaN,1,NaN,0.80078125,NaN
257,154832,2,0,NaN,1,NaN,0.798828125,NaN
258,155241,2,0,NaN,1,NaN,0.798828125,NaN
259,155650,2,0,NaN,1,NaN,0.80078125,NaN
260,156060,2,1,NaN,NaN,1,1.119140625,1.525390625
261,156633,2,0,0.40625,1,NaN,0.80078125,NaN
262,157043,2,0,NaN,1,NaN,0.80078125,NaN
263,157453,2,0,NaN,1,NaN,0.798828125,NaN
264,157862,2,0,NaN,1,NaN,0.80078125,NaN
265,158272,2,0,NaN,1,NaN,0.798828125,NaN
266,158681,2,0,NaN,1,NaN,0.80078125,NaN
267,159091,2,0,NaN,1,NaN,0.80078125,NaN
268,159501,2,0,NaN,1,NaN,0.798828125,NaN
269,159910,2,0,NaN,1,NaN,0.798828125,NaN
270,160319,2,0,NaN,1,NaN,0.80078125,NaN
271,160729,2,1,NaN,NaN,1,1.119140625,1.212890625
272,161302,2,0,0.09375,1,NaN,0.80078125,NaN
273,161712,2,0,NaN,1,NaN,0.80078125,NaN
274,162122,2,0,NaN,1,NaN,0.798828125,NaN
275,162531,2,0,NaN,1,NaN,0.80078125,NaN
276,162941,2,0,NaN,1,NaN,0.798828125,NaN
277,163350,2,0,NaN,1,NaN,0.80078125,NaN
278,163760,2,0,NaN,1,NaN,0.798828125,NaN
279,164169,2,0,NaN,1,NaN,0.80078125,NaN
280,164579,2,1,NaN,NaN,1,1.12109375,1.4375
281,165153,2,0,0.31640625,1,NaN,0.798828125,NaN
282,165562,2,0,NaN,1,NaN,0.798828125,NaN
283,165971,2,0,NaN,1,NaN,0.80078125,NaN
284,166381,2,0,NaN,1,NaN,0.80078125,NaN
285,166791,2,0,NaN,1,NaN,0.798828125,NaN
286,167200,2,0,NaN,1,NaN,0.80078125,NaN
287,167610,2,1,NaN,NaN,1,1.119140625,1.4921875
288,168183,2,0,0.373046875,1,NaN,0.80078125,NaN
289,168593,2,0,NaN,1,NaN,0.80078125,NaN
290,169003,2,0,NaN,1,NaN,0.798828125,NaN
291,169412,2,0,NaN,1,NaN,0.798828125,NaN
292,169821,2,0,NaN,1,NaN,0.80078125,NaN
293,170231,2,0,NaN,1,NaN,0.80078125,NaN
294,170641,2,0,NaN,1,NaN,0.798828125,NaN
295,171050,2,0,NaN,1,NaN,0.80078125,NaN
296,171460,2,0,NaN,1,NaN,0.798828125,NaN
297,171869,2,0,NaN,1,NaN,0.80078125,NaN
298,172279,2,1,NaN,NaN,1,1.119140625,1.716796875
299,172852,2,0,0.59765625,1,NaN,0.80078125,NaN
300,173262,2,0,NaN,1,NaN,0.798828125,NaN
301,173671,2,0,NaN,1,NaN,0.80078125,NaN
302,174081,2,0,NaN,1,NaN,0.798828125,NaN
303,174490,2,0,NaN,0,NaN,0.80078125,1.21484375
304,174900,2,0,0.4140625,1,NaN,0.80078125,NaN
305,175310,2,0,NaN,1,NaN,0.798828125,NaN
306,175719,2,0,NaN,1,NaN,0.80078125,NaN
307,176129,2,0,NaN,1,NaN,0.80078125,NaN
308,176539,2,0,NaN,1,NaN,0.798828125,NaN
309,176948,2,0,NaN,1,NaN,0.80078125,NaN
310,177358,2,1,NaN,NaN,0,1.119140625,NaN
311,177931,2,0,NaN,1,NaN,0.798828125,NaN
312,178340,2,0,NaN,1,NaN,0.80078125,NaN
313,178750,2,0,NaN,1,NaN,0.80078125,NaN
314,179160,2,0,NaN,1,NaN,0.798828125,NaN
315,179569,2,0,NaN,1,NaN,0.80078125,NaN
316,179979,2,0,NaN,1,NaN,0.80078125,NaN
317,180389,2,0,NaN,1,NaN,0.798828125,NaN
318,180798,2,0,NaN,1,NaN,0.798828125,NaN
319,181207,2,0,NaN,1,NaN,0.80078125,NaN
320,181617,2,0,NaN,1,NaN,0.80078125,NaN
321,182027,2,1,NaN,NaN,1,1.119140625,1.412109375
322,182600,2,0,0.29296875,1,NaN,0.80078125,NaN
323,183010,2,0,NaN,1,NaN,0.798828125,NaN
324,183419,2,0,NaN,1,NaN,0.80078125,NaN
325,183829,2,0,NaN,1,NaN,0.798828125,NaN
326,184238,2,0,NaN,1,NaN,0.80078125,NaN
327,184648,2,0,NaN,1,NaN,0.80078125,NaN
328,185058,2,0,NaN,1,NaN,0.798828125,NaN
329,185467,2,0,NaN,1,NaN,0.798828125,NaN
330,185876,2,1,NaN,NaN,0,1.12109375,NaN
331,186450,2,0,NaN,1,NaN,0.798828125,NaN
332,186859,2,0,NaN,1,NaN,0.80078125,NaN
333,187269,2,0,NaN,1,NaN,0.80078125,NaN
334,187679,2,0,NaN,1,NaN,0.798828125,NaN
335,188088,2,0,NaN,1,NaN,0.80078125,NaN
336,188498,2,0,NaN,1,NaN,0.798828125,NaN
337,188907,2,0,NaN,1,NaN,0.80078125,NaN
338,189317,2,1,NaN,NaN,1,1.119140625,1.60546875
339,189890,2,0,0.486328125,1,NaN,0.80078125,NaN
340,190300,2,0,NaN,1,NaN,0.80078125,NaN
341,190710,2,0,NaN,1,NaN,0.798828125,NaN
342,191119,2,0,NaN,1,NaN,0.80078125,NaN
343,191529,2,0,NaN,1,NaN,0.798828125,NaN
344,191938,2,0,NaN,1,NaN,0.80078125,NaN
345,192348,2,0,NaN,1,NaN,0.798828125,NaN
346,192757,2,0,NaN,1,NaN,0.80078125,NaN
347,193167,2,0,NaN,1,NaN,0.798828125,NaN
348,193576,2,0,NaN,1,NaN,0.80078125,NaN
349,193986,2,0,NaN,1,NaN,0.798828125,NaN
350,194395,2,0,NaN,1,NaN,0.80078125,NaN
351,194805,2,0,NaN,1,NaN,0.80078125,NaN
352,195215,2,0,NaN,1,NaN,0.798828125,NaN
353,195624,2,1,NaN,NaN,0,1.119140625,NaN
354,196197,2,0,NaN,1,NaN,0.80078125,NaN
355,196607,2,0,NaN,1,NaN,0.80078125,NaN
356,197017,2,0,NaN,1,NaN,0.798828125,NaN
357,197426,2,0,NaN,1,NaN,0.80078125,NaN
358,197836,2,0,NaN,1,NaN,0.798828125,NaN
359,198245,2,0,NaN,1,NaN,0.80078125,NaN
360,198655,2,0,NaN,1,NaN,0.80078125,NaN
361,199065,2,0,NaN,1,NaN,0.798828125,NaN
362,199474,2,0,NaN,1,NaN,0.80078125,NaN
363,199884,2,0,NaN,1,NaN,0.798828125,NaN
364,200293,2,1,NaN,NaN,1,1.12109375,1.390625
365,200867,2,0,0.26953125,1,NaN,0.798828125,NaN
366,201276,2,0,NaN,1,NaN,0.80078125,NaN
367,201686,2,0,NaN,1,NaN,0.798828125,NaN
368,202095,2,0,NaN,1,NaN,0.80078125,NaN
369,202505,2,0,NaN,1,NaN,0.798828125,NaN
370,202914,2,0,NaN,1,NaN,0.80078125,NaN
371,203324,2,0,NaN,1,NaN,0.80078125,NaN
372,203734,2,0,NaN,1,NaN,0.798828125,NaN
373,204143,2,0,NaN,1,NaN,0.80078125,NaN
374,204553,2,0,NaN,1,NaN,0.798828125,NaN
375,204962,2,1,NaN,NaN,0,1.12109375,NaN
376,205536,2,0,NaN,1,NaN,0.798828125,NaN
377,205945,2,0,NaN,1,NaN,0.80078125,NaN
378,206355,2,0,NaN,1,NaN,0.80078125,NaN
379,206765,2,0,NaN,1,NaN,0.798828125,NaN
380,207174,2,0,NaN,1,NaN,0.798828125,NaN
381,207583,2,0,NaN,1,NaN,0.80078125,NaN
382,207993,2,0,NaN,1,NaN,0.80078125,NaN
383,208403,2,0,NaN,1,NaN,0.798828125,NaN
384,208812,2,0,NaN,1,NaN,0.80078125,NaN
385,209222,2,0,NaN,1,NaN,0.80078125,NaN
386,209632,2,0,NaN,1,NaN,0.798828125,NaN
387,210041,2,0,NaN,1,NaN,0.798828125,NaN
388,210450,2,1,NaN,NaN,1,1.12109375,1.55078125
389,211024,2,0,0.4296875,1,NaN,0.798828125,NaN
390,211433,2,0,NaN,1,NaN,0.80078125,NaN
391,211843,2,0,NaN,1,NaN,0.80078125,NaN
392,212253,2,0,NaN,1,NaN,0.798828125,NaN
393,212662,2,0,NaN,1,NaN,0.80078125,NaN
394,213072,2,0,NaN,1,NaN,0.798828125,NaN
395,213481,2,1,NaN,NaN,0,1.12109375,NaN
396,214055,2,0,NaN,1,NaN,0.798828125,NaN
397,214464,2,0,NaN,1,NaN,0.80078125,NaN
398,214874,2,0,NaN,1,NaN,0.798828125,NaN
399,215283,2,0,NaN,1,NaN,0.80078125,NaN
400,215693,2,0,NaN,1,NaN,0.798828125,NaN
401,216102,2,0,NaN,1,NaN,0.80078125,NaN
402,216512,2,0,NaN,1,NaN,0.80078125,NaN
403,216922,2,0,NaN,1,NaN,0.798828125,NaN
404,217331,2,0,NaN,1,NaN,0.80078125,NaN
405,217741,2,0,NaN,1,NaN,0.798828125,NaN
406,218150,2,0,NaN,1,NaN,0.80078125,NaN
407,218560,2,0,NaN,1,NaN,0.798828125,NaN
408,218969,2,1,NaN,NaN,1,1.12109375,1.294921875
409,219543,2,0,0.173828125,1,NaN,0.798828125,NaN
410,219952,2,0,NaN,1,NaN,0.80078125,NaN
411,220362,2,0,NaN,1,NaN,0.80078125,NaN
412,220772,2,0,NaN,1,NaN,0.798828125,NaN
413,221181,2,0,NaN,1,NaN,0.80078125,NaN
414,221591,2,0,NaN,1,NaN,0.798828125,NaN
415,222000,2,0,NaN,1,NaN,0.80078125,NaN
416,222410,2,0,NaN,1,NaN,0.798828125,NaN
417,222819,2,0,NaN,1,NaN,0.80078125,NaN
418,223229,2,0,NaN,1,NaN,0.798828125,NaN
419,223638,2,0,NaN,1,NaN,0.80078125,NaN
420,224048,2,0,NaN,1,NaN,0.80078125,NaN
421,224458,2,0,NaN,1,NaN,0.798828125,NaN
422,224867,2,0,NaN,1,NaN,0.80078125,NaN
423,225277,2,1,NaN,NaN,0,1.119140625,NaN
424,225850,2,0,NaN,1,NaN,0.80078125,NaN
425,226260,2,0,NaN,0,NaN,0.798828125,1.044921875
426,226669,2,0,0.24609375,1,NaN,0.80078125,NaN
427,227079,2,0,NaN,1,NaN,0.798828125,NaN
428,227488,2,0,NaN,1,NaN,0.80078125,NaN
429,227898,2,0,NaN,1,NaN,0.80078125,NaN
430,228308,2,0,NaN,1,NaN,0.798828125,NaN
431,228717,2,1,NaN,NaN,0,1.119140625,NaN
432,229290,2,0,NaN,1,NaN,0.80078125,NaN
433,229700,2,0,NaN,1,NaN,0.80078125,NaN
434,230110,2,0,NaN,1,NaN,0.798828125,NaN
435,230519,2,0,NaN,1,NaN,0.80078125,NaN
436,230929,2,0,NaN,1,NaN,0.798828125,NaN
437,231338,2,0,NaN,1,NaN,0.80078125,NaN
438,231748,2,0,NaN,1,NaN,0.798828125,NaN
439,232157,2,0,NaN,1,NaN,0.80078125,NaN
440,232567,2,0,NaN,1,NaN,0.80078125,NaN
441,232977,2,0,NaN,1,NaN,0.798828125,NaN
442,233386,2,0,NaN,1,NaN,0.80078125,NaN
443,233796,2,1,NaN,NaN,1,1.119140625,1.556640625
444,234369,2,0,0.4375,1,NaN,0.80078125,NaN
445,234779,2,0,NaN,1,NaN,0.798828125,NaN
446,235188,2,0,NaN,1,NaN,0.80078125,NaN
447,235598,2,0,NaN,1,NaN,0.798828125,NaN
448,236007,2,0,NaN,1,NaN,0.80078125,NaN
449,236417,2,0,NaN,1,NaN,0.798828125,NaN
450,236826,2,0,NaN,1,NaN,108.66015625,NaN
451,292460,3,0,NaN,1,NaN,0.798828125,NaN
452,292869,3,0,NaN,1,NaN,0.798828125,NaN
453,293278,3,0,NaN,1,NaN,0.80078125,NaN
454,293688,3,0,NaN,1,NaN,0.798828125,NaN
455,294097,3,0,NaN,1,NaN,0.80078125,NaN
456,294507,3,0,NaN,1,NaN,0.80078125,NaN
457,294917,3,0,NaN,0,NaN,0.798828125,1.017578125
458,295326,3,0,0.21875,1,NaN,0.80078125,NaN
459,295736,3,0,NaN,1,NaN,0.80078125,NaN
460,296146,3,0,NaN,1,NaN,0.798828125,NaN
461,296555,3,0,NaN,1,NaN,0.798828125,NaN
462,296964,3,0,NaN,1,NaN,0.80078125,NaN
463,297374,3,0,NaN,1,NaN,0.80078125,NaN
464,297784,3,1,NaN,NaN,1,1.119140625,1.482421875
465,298357,3,0,0.36328125,1,NaN,0.80078125,NaN
466,298767,3,0,NaN,1,NaN,0.798828125,NaN
467,299176,3,0,NaN,1,NaN,0.80078125,NaN
468,299586,3,0,NaN,1,NaN,0.798828125,NaN
469,299995,3,0,NaN,1,NaN,0.80078125,NaN
470,300405,3,0,NaN,1,NaN,0.798828125,NaN
471,300814,3,0,NaN,1,NaN,0.80078125,NaN
472,301224,3,0,NaN,1,NaN,0.80078125,NaN
473,301634,3,0,NaN,1,NaN,0.798828125,NaN
474,302043,3,0,NaN,1,NaN,0.80078125,NaN
475,302453,3,0,NaN,1,NaN,0.798828125,NaN
476,302862,3,0,NaN,1,NaN,0.80078125,NaN
477,303272,3,0,NaN,1,NaN,0.80078125,NaN
478,303682,3,1,NaN,NaN,0,1.119140625,NaN
479,304255,3,0,NaN,1,NaN,0.798828125,NaN
480,304664,3,0,NaN,1,NaN,0.80078125,NaN
481,305074,3,0,NaN,1,NaN,0.798828125,NaN
482,305483,3,0,NaN,1,NaN,0.80078125,NaN
483,305893,3,0,NaN,1,NaN,0.80078125,NaN
484,306303,3,0,NaN,1,NaN,0.798828125,NaN
485,306712,3,0,NaN,1,NaN,0.80078125,NaN
486,307122,3,0,NaN,1,NaN,0.798828125,NaN
487,307531,3,0,NaN,1,NaN,0.80078125,NaN
488,307941,3,0,NaN,1,NaN,0.798828125,NaN
489,308350,3,0,NaN,1,NaN,0.80078125,NaN
490,308760,3,0,NaN,1,NaN,0.80078125,NaN
491,309170,3,0,NaN,1,NaN,0.798828125,NaN
492,309579,3,0,NaN,1,NaN,0.80078125,NaN
493,309989,3,1,NaN,NaN,1,1.119140625,1.39453125
494,310562,3,0,0.275390625,1,NaN,0.80078125,NaN
495,310972,3,0,NaN,1,NaN,0.798828125,NaN
496,311381,3,0,NaN,1,NaN,0.80078125,NaN
497,311791,3,0,NaN,1,NaN,0.798828125,NaN
498,312200,3,0,NaN,1,NaN,0.80078125,NaN
499,312610,3,0,NaN,1,NaN,0.798828125,NaN
500,313019,3,0,NaN,1,NaN,0.80078125,NaN
501,313429,3,0,NaN,1,NaN,0.80078125,NaN
502,313839,3,0,NaN,1,NaN,0.798828125,NaN
503,314248,3,1,NaN,NaN,1,1.12109375,1.611328125
504,314822,3,0,0.490234375,1,NaN,0.798828125,NaN
505,315231,3,0,NaN,1,NaN,0.80078125,NaN
506,315641,3,0,NaN,1,NaN,0.798828125,NaN
507,316050,3,0,NaN,1,NaN,0.80078125,NaN
508,316460,3,0,NaN,1,NaN,0.798828125,NaN
509,316869,3,0,NaN,1,NaN,0.80078125,NaN
510,317279,3,0,NaN,1,NaN,0.80078125,NaN
511,317689,3,1,NaN,NaN,1,1.119140625,1.39453125
512,318262,3,0,0.275390625,1,NaN,0.798828125,NaN
513,318671,3,0,NaN,1,NaN,0.80078125,NaN
514,319081,3,0,NaN,1,NaN,0.80078125,NaN
515,319491,3,0,NaN,1,NaN,0.798828125,NaN
516,319900,3,0,NaN,1,NaN,0.80078125,NaN
517,320310,3,0,NaN,1,NaN,0.798828125,NaN
518,320719,3,0,NaN,1,NaN,0.80078125,NaN
519,321129,3,0,NaN,1,NaN,0.80078125,NaN
520,321539,3,1,NaN,NaN,1,1.119140625,1.296875
521,322112,3,0,0.177734375,1,NaN,0.798828125,NaN
522,322521,3,0,NaN,1,NaN,0.80078125,NaN
523,322931,3,0,NaN,1,NaN,0.80078125,NaN
524,323341,3,0,NaN,1,NaN,0.798828125,NaN
525,323750,3,0,NaN,1,NaN,0.80078125,NaN
526,324160,3,0,NaN,1,NaN,0.80078125,NaN
527,324570,3,0,NaN,1,NaN,0.798828125,NaN
528,324979,3,0,NaN,1,NaN,0.798828125,NaN
529,325388,3,0,NaN,1,NaN,0.80078125,NaN
530,325798,3,0,NaN,1,NaN,0.80078125,NaN
531,326208,3,0,NaN,1,NaN,0.798828125,NaN
532,326617,3,0,NaN,1,NaN,0.80078125,NaN
533,327027,3,1,NaN,NaN,0,1.119140625,NaN
534,327600,3,0,NaN,1,NaN,0.80078125,NaN
535,328010,3,0,NaN,1,NaN,0.798828125,NaN
536,328419,3,0,NaN,1,NaN,0.80078125,NaN
537,328829,3,0,NaN,1,NaN,0.798828125,NaN
538,329238,3,0,NaN,1,NaN,0.80078125,NaN
539,329648,3,0,NaN,1,NaN,0.80078125,NaN
540,330058,3,0,NaN,1,NaN,0.798828125,NaN
541,330467,3,0,NaN,1,NaN,0.80078125,NaN
542,330877,3,0,NaN,1,NaN,0.798828125,NaN
543,331286,3,0,NaN,1,NaN,0.80078125,NaN
544,331696,3,0,NaN,1,NaN,0.798828125,NaN
545,332105,3,1,NaN,NaN,1,1.12109375,1.314453125
546,332679,3,0,0.193359375,1,NaN,0.798828125,NaN
547,333088,3,0,NaN,1,NaN,0.80078125,NaN
548,333498,3,0,NaN,1,NaN,0.798828125,NaN
549,333907,3,0,NaN,1,NaN,0.80078125,NaN
550,334317,3,0,NaN,1,NaN,0.798828125,NaN
551,334726,3,0,NaN,1,NaN,0.80078125,NaN
552,335136,3,0,NaN,1,NaN,0.80078125,NaN
553,335546,3,1,NaN,NaN,1,1.119140625,1.345703125
554,336119,3,0,0.2265625,1,NaN,0.80078125,NaN
555,336529,3,0,NaN,1,NaN,0.798828125,NaN
556,336938,3,0,NaN,1,NaN,0.80078125,NaN
557,337348,3,0,NaN,1,NaN,0.798828125,NaN
558,337757,3,0,NaN,1,NaN,0.80078125,NaN
559,338167,3,0,NaN,1,NaN,0.798828125,NaN
560,338576,3,1,NaN,NaN,1,1.12109375,1.244140625
561,339150,3,0,0.123046875,1,NaN,0.798828125,NaN
562,339559,3,0,NaN,1,NaN,0.80078125,NaN
563,339969,3,0,NaN,1,NaN,0.80078125,NaN
564,340379,3,0,NaN,1,NaN,0.798828125,NaN
565,340788,3,0,NaN,1,NaN,0.80078125,NaN
566,341198,3,0,NaN,1,NaN,0.798828125,NaN
567,341607,3,0,NaN,1,NaN,0.80078125,NaN
568,342017,3,0,NaN,1,NaN,0.798828125,NaN
569,342426,3,0,NaN,1,NaN,0.80078125,NaN
570,342836,3,0,NaN,1,NaN,0.798828125,NaN
571,343245,3,0,NaN,1,NaN,0.80078125,NaN
572,343655,3,0,NaN,1,NaN,0.80078125,NaN
573,344065,3,1,NaN,NaN,1,1.119140625,1.265625
574,344638,3,0,0.146484375,1,NaN,0.80078125,NaN
575,345048,3,0,NaN,1,NaN,0.798828125,NaN
576,345457,3,0,NaN,1,NaN,0.80078125,NaN
577,345867,3,0,NaN,1,NaN,0.798828125,NaN
578,346276,3,0,NaN,1,NaN,0.80078125,NaN
579,346686,3,0,NaN,1,NaN,0.798828125,NaN
580,347095,3,0,NaN,1,NaN,0.80078125,NaN
581,347505,3,1,NaN,NaN,1,1.119140625,1.39453125
582,348078,3,0,0.275390625,1,NaN,0.80078125,NaN
583,348488,3,0,NaN,1,NaN,0.798828125,NaN
584,348897,3,0,NaN,1,NaN,0.80078125,NaN
585,349307,3,0,NaN,1,NaN,0.80078125,NaN
586,349717,3,0,NaN,1,NaN,0.798828125,NaN
587,350126,3,0,NaN,1,NaN,0.80078125,NaN
588,350536,3,1,NaN,NaN,0,1.119140625,NaN
589,351109,3,0,NaN,1,NaN,0.80078125,NaN
590,351519,3,0,NaN,1,NaN,0.798828125,NaN
591,351928,3,0,NaN,1,NaN,0.80078125,NaN
592,352338,3,0,NaN,1,NaN,0.798828125,NaN
593,352747,3,0,NaN,1,NaN,0.80078125,NaN
594,353157,3,0,NaN,1,NaN,0.80078125,NaN
595,353567,3,1,NaN,NaN,1,1.119140625,1.201171875
596,354140,3,0,0.08203125,1,NaN,0.798828125,NaN
597,354549,3,0,NaN,1,NaN,0.80078125,NaN
598,354959,3,0,NaN,1,NaN,0.80078125,NaN
599,355369,3,0,NaN,1,NaN,0.798828125,NaN
600,355778,3,0,NaN,1,NaN,0.80078125,NaN
601,356188,3,0,NaN,1,NaN,0.798828125,NaN
602,356597,3,0,NaN,1,NaN,0.80078125,NaN
603,357007,3,0,NaN,1,NaN,0.80078125,NaN
604,357417,3,0,NaN,1,NaN,0.798828125,NaN
605,357826,3,0,NaN,1,NaN,0.80078125,NaN
606,358236,3,1,NaN,NaN,0,1.119140625,NaN
607,358809,3,0,NaN,1,NaN,0.80078125,NaN
608,359219,3,0,NaN,1,NaN,0.798828125,NaN
609,359628,3,0,NaN,1,NaN,0.80078125,NaN
610,360038,3,0,NaN,1,NaN,0.798828125,NaN
611,360447,3,0,NaN,1,NaN,0.80078125,NaN
612,360857,3,0,NaN,1,NaN,0.80078125,NaN
613,361267,3,0,NaN,1,NaN,0.798828125,NaN
614,361676,3,0,NaN,1,NaN,0.80078125,NaN
615,362086,3,1,NaN,NaN,1,1.119140625,1.21875
616,362659,3,0,0.099609375,1,NaN,0.798828125,NaN
617,363068,3,0,NaN,1,NaN,0.80078125,NaN
618,363478,3,0,NaN,1,NaN,0.80078125,NaN
619,363888,3,0,NaN,0,NaN,0.798828125,1.162109375
620,364297,3,0,0.36328125,1,NaN,0.80078125,NaN
621,364707,3,0,NaN,1,NaN,0.798828125,NaN
622,365116,3,1,NaN,NaN,0,1.12109375,NaN
623,365690,3,0,NaN,1,NaN,0.798828125,NaN
624,366099,3,0,NaN,1,NaN,0.80078125,NaN
625,366509,3,0,NaN,1,NaN,0.798828125,NaN
626,366918,3,0,NaN,1,NaN,0.80078125,NaN
627,367328,3,0,NaN,1,NaN,0.80078125,NaN
628,367738,3,0,NaN,1,NaN,0.798828125,NaN
629,368147,3,1,NaN,NaN,0,1.12109375,NaN
630,368721,3,0,NaN,1,NaN,0.798828125,NaN
631,369130,3,0,NaN,1,NaN,0.80078125,NaN
632,369540,3,0,NaN,1,NaN,0.798828125,NaN
633,369949,3,0,NaN,1,NaN,0.80078125,NaN
634,370359,3,0,NaN,1,NaN,0.80078125,NaN
635,370769,3,0,NaN,1,NaN,0.798828125,NaN
636,371178,3,1,NaN,NaN,0,1.12109375,NaN
637,371752,3,0,NaN,1,NaN,0.798828125,NaN
638,372161,3,0,NaN,1,NaN,0.798828125,NaN
639,372570,3,0,NaN,1,NaN,0.80078125,NaN
640,372980,3,0,NaN,1,NaN,0.80078125,NaN
641,373390,3,0,NaN,1,NaN,0.798828125,NaN
642,373799,3,0,NaN,1,NaN,0.80078125,NaN
643,374209,3,0,NaN,1,NaN,0.798828125,NaN
644,374618,3,0,NaN,1,NaN,0.80078125,NaN
645,375028,3,0,NaN,1,NaN,0.798828125,NaN
646,375437,3,0,NaN,1,NaN,0.80078125,NaN
647,375847,3,0,NaN,1,NaN,0.798828125,NaN
648,376256,3,0,NaN,1,NaN,0.80078125,NaN
649,376666,3,1,NaN,NaN,1,1.119140625,1.443359375
650,377239,3,0,0.32421875,1,NaN,0.80078125,NaN
651,377649,3,0,NaN,1,NaN,0.80078125,NaN
652,378059,3,0,NaN,1,NaN,0.798828125,NaN
653,378468,3,0,NaN,1,NaN,0.80078125,NaN
654,378878,3,0,NaN,1,NaN,0.798828125,NaN
655,379287,3,0,NaN,1,NaN,0.80078125,NaN
656,379697,3,1,NaN,NaN,0,1.12109375,NaN
657,380271,3,0,NaN,1,NaN,0.798828125,NaN
658,380680,3,0,NaN,1,NaN,0.80078125,NaN
659,381090,3,0,NaN,1,NaN,0.798828125,NaN
660,381499,3,0,NaN,1,NaN,0.80078125,NaN
661,381909,3,0,NaN,1,NaN,0.798828125,NaN
662,382318,3,0,NaN,1,NaN,0.80078125,NaN
663,382728,3,0,NaN,1,NaN,0.798828125,NaN
664,383137,3,0,NaN,1,NaN,0.80078125,NaN
665,383547,3,0,NaN,1,NaN,0.798828125,NaN
666,383956,3,0,NaN,1,NaN,0.80078125,NaN
667,384366,3,0,NaN,1,NaN,0.798828125,NaN
668,384775,3,0,NaN,1,NaN,0.80078125,NaN
669,385185,3,0,NaN,1,NaN,0.80078125,NaN
670,385595,3,1,NaN,NaN,1,1.119140625,1.673828125
671,386168,3,0,0.5546875,1,NaN,0.80078125,NaN
672,386578,3,0,NaN,1,NaN,0.798828125,NaN
673,386987,3,0,NaN,1,NaN,0.80078125,NaN
674,387397,3,0,NaN,1,NaN,0.798828125,NaN
675,387806,3,0,NaN,1,NaN,152.162109375,NaN
676,465713,4,0,NaN,1,NaN,0.798828125,NaN
677,466122,4,0,NaN,1,NaN,0.80078125,NaN
678,466532,4,0,NaN,1,NaN,0.798828125,NaN
679,466941,4,0,NaN,1,NaN,0.80078125,NaN
680,467351,4,0,NaN,1,NaN,0.80078125,NaN
681,467761,4,0,NaN,1,NaN,0.798828125,NaN
682,468170,4,0,NaN,1,NaN,0.80078125,NaN
683,468580,4,0,NaN,1,NaN,0.798828125,NaN
684,468989,4,0,NaN,1,NaN,0.80078125,NaN
685,469399,4,0,NaN,1,NaN,0.80078125,NaN
686,469809,4,0,NaN,1,NaN,0.798828125,NaN
687,470218,4,0,NaN,1,NaN,0.80078125,NaN
688,470628,4,1,NaN,NaN,1,1.119140625,1.61328125
689,471201,4,0,0.494140625,1,NaN,0.80078125,NaN
690,471611,4,0,NaN,1,NaN,0.798828125,NaN
691,472020,4,0,NaN,1,NaN,0.798828125,NaN
692,472429,4,0,NaN,1,NaN,0.80078125,NaN
693,472839,4,0,NaN,1,NaN,0.80078125,NaN
694,473249,4,0,NaN,1,NaN,0.798828125,NaN
695,473658,4,0,NaN,1,NaN,0.80078125,NaN
696,474068,4,0,NaN,1,NaN,0.798828125,NaN
697,474477,4,1,NaN,NaN,0,1.12109375,NaN
698,475051,4,0,NaN,1,NaN,0.80078125,NaN
699,475461,4,0,NaN,1,NaN,0.798828125,NaN
700,475870,4,0,NaN,1,NaN,0.798828125,NaN
701,476279,4,0,NaN,1,NaN,0.80078125,NaN
702,476689,4,0,NaN,1,NaN,0.80078125,NaN
703,477099,4,0,NaN,1,NaN,0.798828125,NaN
704,477508,4,0,NaN,1,NaN,0.80078125,NaN
705,477918,4,0,NaN,1,NaN,0.798828125,NaN
706,478327,4,0,NaN,1,NaN,0.80078125,NaN
707,478737,4,1,NaN,NaN,1,1.119140625,1.46875
708,479310,4,0,0.349609375,1,NaN,0.80078125,NaN
709,479720,4,0,NaN,1,NaN,0.798828125,NaN
710,480129,4,0,NaN,1,NaN,0.80078125,NaN
711,480539,4,0,NaN,1,NaN,0.798828125,NaN
712,480948,4,0,NaN,1,NaN,0.80078125,NaN
713,481358,4,0,NaN,1,NaN,0.80078125,NaN
714,481768,4,0,NaN,1,NaN,0.798828125,NaN
715,482177,4,0,NaN,1,NaN,0.80078125,NaN
716,482587,4,1,NaN,NaN,1,1.119140625,1.4765625
717,483160,4,0,0.357421875,1,NaN,0.80078125,NaN
718,483570,4,0,NaN,1,NaN,0.798828125,NaN
719,483979,4,0,NaN,1,NaN,0.80078125,NaN
720,484389,4,0,NaN,1,NaN,0.80078125,NaN
721,484799,4,0,NaN,1,NaN,0.798828125,NaN
722,485208,4,0,NaN,1,NaN,0.80078125,NaN
723,485618,4,0,NaN,1,NaN,0.798828125,NaN
724,486027,4,0,NaN,1,NaN,0.80078125,NaN
725,486437,4,1,NaN,NaN,1,1.119140625,1.228515625
726,487010,4,0,0.109375,1,NaN,0.80078125,NaN
727,487420,4,0,NaN,1,NaN,0.798828125,NaN
728,487829,4,0,NaN,1,NaN,0.80078125,NaN
729,488239,4,0,NaN,1,NaN,0.798828125,NaN
730,488648,4,0,NaN,1,NaN,0.80078125,NaN
731,489058,4,0,NaN,1,NaN,0.798828125,NaN
732,489467,4,0,NaN,1,NaN,0.80078125,NaN
733,489877,4,0,NaN,1,NaN,0.80078125,NaN
734,490287,4,0,NaN,1,NaN,0.798828125,NaN
735,490696,4,0,NaN,1,NaN,0.80078125,NaN
736,491106,4,0,NaN,1,NaN,0.798828125,NaN
737,491515,4,0,NaN,1,NaN,0.80078125,NaN
738,491925,4,1,NaN,NaN,1,1.12109375,1.326171875
739,492499,4,0,0.205078125,1,NaN,0.798828125,NaN
740,492908,4,0,NaN,1,NaN,0.798828125,NaN
741,493317,4,0,NaN,1,NaN,0.80078125,NaN
742,493727,4,0,NaN,1,NaN,0.80078125,NaN
743,494137,4,0,NaN,1,NaN,0.798828125,NaN
744,494546,4,0,NaN,1,NaN,0.80078125,NaN
745,494956,4,0,NaN,1,NaN,0.798828125,NaN
746,495365,4,0,NaN,1,NaN,0.80078125,NaN
747,495775,4,0,NaN,1,NaN,0.798828125,NaN
748,496184,4,0,NaN,1,NaN,0.80078125,NaN
749,496594,4,0,NaN,1,NaN,0.798828125,NaN
750,497003,4,0,NaN,1,NaN,0.80078125,NaN
751,497413,4,0,NaN,1,NaN,0.80078125,NaN
752,497823,4,1,NaN,NaN,0,1.119140625,NaN
753,498396,4,0,NaN,1,NaN,0.80078125,NaN
754,498806,4,0,NaN,1,NaN,0.798828125,NaN
755,499215,4,0,NaN,1,NaN,0.80078125,NaN
756,499625,4,0,NaN,1,NaN,0.80078125,NaN
757,500035,4,0,NaN,1,NaN,0.798828125,NaN
758,500444,4,0,NaN,0,NaN,0.798828125,1.396484375
759,500853,4,0,0.59765625,1,NaN,0.80078125,NaN
760,501263,4,0,NaN,1,NaN,0.80078125,NaN
761,501673,4,0,NaN,1,NaN,0.798828125,NaN
762,502082,4,0,NaN,1,NaN,0.80078125,NaN
763,502492,4,0,NaN,1,NaN,0.798828125,NaN
764,502901,4,0,NaN,1,NaN,0.80078125,NaN
765,503311,4,0,NaN,1,NaN,0.798828125,NaN
766,503720,4,0,NaN,1,NaN,0.80078125,NaN
767,504130,4,1,NaN,NaN,1,1.119140625,1.62109375
768,504703,4,0,0.501953125,1,NaN,0.80078125,NaN
769,505113,4,0,NaN,1,NaN,0.798828125,NaN
770,505522,4,0,NaN,1,NaN,0.80078125,NaN
771,505932,4,0,NaN,1,NaN,0.80078125,NaN
772,506342,4,0,NaN,1,NaN,0.798828125,NaN
773,506751,4,0,NaN,1,NaN,0.80078125,NaN
774,507161,4,1,NaN,NaN,0,1.119140625,NaN
775,507734,4,0,NaN,1,NaN,0.80078125,NaN
776,508144,4,0,NaN,1,NaN,0.798828125,NaN
777,508553,4,0,NaN,1,NaN,0.80078125,NaN
778,508963,4,0,NaN,1,NaN,0.798828125,NaN
779,509372,4,0,NaN,1,NaN,0.80078125,NaN
780,509782,4,0,NaN,1,NaN,0.80078125,NaN
781,510192,4,0,NaN,1,NaN,0.798828125,NaN
782,510601,4,0,NaN,1,NaN,0.80078125,NaN
783,511011,4,0,NaN,1,NaN,0.798828125,NaN
784,511420,4,0,NaN,1,NaN,0.80078125,NaN
785,511830,4,0,NaN,1,NaN,0.798828125,NaN
786,512239,4,0,NaN,1,NaN,0.80078125,NaN
787,512649,4,0,NaN,1,NaN,0.798828125,NaN
788,513058,4,0,NaN,1,NaN,0.80078125,NaN
789,513468,4,1,NaN,NaN,1,1.119140625,1.60546875
790,514041,4,0,0.486328125,1,NaN,0.80078125,NaN
791,514451,4,0,NaN,1,NaN,0.80078125,NaN
792,514861,4,0,NaN,1,NaN,0.798828125,NaN
793,515270,4,0,NaN,1,NaN,0.80078125,NaN
794,515680,4,0,NaN,1,NaN,0.798828125,NaN
795,516089,4,0,NaN,1,NaN,0.80078125,NaN
796,516499,4,0,NaN,1,NaN,0.80078125,NaN
797,516909,4,0,NaN,1,NaN,0.798828125,NaN
798,517318,4,0,NaN,1,NaN,0.80078125,NaN
799,517728,4,0,NaN,1,NaN,0.798828125,NaN
800,518137,4,0,NaN,1,NaN,0.80078125,NaN
801,518547,4,1,NaN,NaN,1,1.119140625,1.341796875
802,519120,4,0,0.22265625,1,NaN,0.80078125,NaN
803,519530,4,0,NaN,1,NaN,0.798828125,NaN
804,519939,4,0,NaN,1,NaN,0.80078125,NaN
805,520349,4,0,NaN,1,NaN,0.798828125,NaN
806,520758,4,0,NaN,1,NaN,0.80078125,NaN
807,521168,4,0,NaN,1,NaN,0.798828125,NaN
808,521577,4,1,NaN,NaN,1,1.12109375,1.23046875
809,522151,4,0,0.109375,1,NaN,0.80078125,NaN
810,522561,4,0,NaN,1,NaN,0.798828125,NaN
811,522970,4,0,NaN,1,NaN,0.80078125,NaN
812,523380,4,0,NaN,1,NaN,0.798828125,NaN
813,523789,4,0,NaN,1,NaN,0.80078125,NaN
814,524199,4,0,NaN,1,NaN,0.798828125,NaN
815,524608,4,0,NaN,1,NaN,0.80078125,NaN
816,525018,4,0,NaN,1,NaN,0.798828125,NaN
817,525427,4,0,NaN,1,NaN,0.80078125,NaN
818,525837,4,0,NaN,1,NaN,0.798828125,NaN
819,526246,4,1,NaN,NaN,0,1.12109375,NaN
820,526820,4,0,NaN,1,NaN,0.798828125,NaN
821,527229,4,0,NaN,1,NaN,0.80078125,NaN
822,527639,4,0,NaN,1,NaN,0.80078125,NaN
823,528049,4,0,NaN,1,NaN,0.798828125,NaN
824,528458,4,0,NaN,1,NaN,0.80078125,NaN
825,528868,4,0,NaN,1,NaN,0.798828125,NaN
826,529277,4,0,NaN,1,NaN,0.80078125,NaN
827,529687,4,0,NaN,1,NaN,0.798828125,NaN
828,530096,4,1,NaN,NaN,1,1.12109375,1.525390625
829,530670,4,0,0.404296875,1,NaN,0.798828125,NaN
830,531079,4,0,NaN,1,NaN,0.80078125,NaN
831,531489,4,0,NaN,1,NaN,0.80078125,NaN
832,531899,4,0,NaN,1,NaN,0.798828125,NaN
833,532308,4,0,NaN,1,NaN,0.80078125,NaN
834,532718,4,0,NaN,1,NaN,0.798828125,NaN
835,533127,4,0,NaN,1,NaN,0.80078125,NaN
836,533537,4,0,NaN,1,NaN,0.798828125,NaN
837,533946,4,0,NaN,1,NaN,0.80078125,NaN
838,534356,4,0,NaN,1,NaN,0.798828125,NaN
839,534765,4,0,NaN,1,NaN,0.80078125,NaN
840,535175,4,1,NaN,NaN,0,1.12109375,NaN
841,535749,4,0,NaN,1,NaN,0.798828125,NaN
842,536158,4,0,NaN,1,NaN,0.80078125,NaN
843,536568,4,0,NaN,1,NaN,0.798828125,NaN
844,536977,4,0,NaN,1,NaN,0.80078125,NaN
845,537387,4,0,NaN,1,NaN,0.798828125,NaN
846,537796,4,0,NaN,1,NaN,0.80078125,NaN
847,538206,4,0,NaN,1,NaN,0.80078125,NaN
848,538616,4,0,NaN,0,NaN,0.798828125,1.5078125
849,539025,4,0,0.708984375,1,NaN,0.80078125,NaN
850,539435,4,0,NaN,1,NaN,0.798828125,NaN
851,539844,4,0,NaN,1,NaN,0.80078125,NaN
852,540254,4,1,NaN,NaN,1,1.119140625,1.388671875
853,540827,4,0,0.26953125,1,NaN,0.80078125,NaN
854,541237,4,0,NaN,1,NaN,0.798828125,NaN
855,541646,4,0,NaN,1,NaN,0.80078125,NaN
856,542056,4,0,NaN,1,NaN,0.80078125,NaN
857,542466,4,0,NaN,1,NaN,0.798828125,NaN
858,542875,4,0,NaN,1,NaN,0.80078125,NaN
859,543285,4,0,NaN,1,NaN,0.798828125,NaN
860,543694,4,0,NaN,1,NaN,0.80078125,NaN
861,544104,4,0,NaN,1,NaN,0.798828125,NaN
862,544513,4,1,NaN,NaN,0,1.12109375,NaN
863,545087,4,0,NaN,1,NaN,0.798828125,NaN
864,545496,4,0,NaN,1,NaN,0.80078125,NaN
865,545906,4,0,NaN,1,NaN,0.80078125,NaN
866,546316,4,0,NaN,1,NaN,0.798828125,NaN
867,546725,4,0,NaN,1,NaN,0.798828125,NaN
868,547134,4,0,NaN,1,NaN,0.80078125,NaN
869,547544,4,0,NaN,1,NaN,0.80078125,NaN
870,547954,4,0,NaN,1,NaN,0.798828125,NaN
871,548363,4,0,NaN,1,NaN,0.80078125,NaN
872,548773,4,0,NaN,1,NaN,0.798828125,NaN
873,549182,4,0,NaN,1,NaN,0.80078125,NaN
874,549592,4,0,NaN,1,NaN,0.798828125,NaN
875,550001,4,1,NaN,NaN,1,1.12109375,1.58203125
876,550575,4,0,0.4609375,1,NaN,0.798828125,NaN
877,550984,4,0,NaN,1,NaN,0.80078125,NaN
878,551394,4,0,NaN,1,NaN,0.80078125,NaN
879,551804,4,0,NaN,1,NaN,0.798828125,NaN
880,552213,4,0,NaN,1,NaN,0.80078125,NaN
881,552623,4,0,NaN,1,NaN,0.798828125,NaN
882,553032,4,0,NaN,1,NaN,0.80078125,NaN
883,553442,4,0,NaN,1,NaN,0.798828125,NaN
884,553851,4,0,NaN,1,NaN,0.80078125,NaN
885,554261,4,0,NaN,1,NaN,0.80078125,NaN
886,554671,4,0,NaN,1,NaN,0.798828125,NaN
887,555080,4,0,NaN,1,NaN,0.80078125,NaN
888,555490,4,0,NaN,1,NaN,0.798828125,NaN
889,555899,4,0,NaN,1,NaN,0.80078125,NaN
890,556309,4,1,NaN,NaN,0,1.119140625,NaN
891,556882,4,0,NaN,1,NaN,0.80078125,NaN
892,557292,4,0,NaN,1,NaN,0.798828125,NaN
893,557701,4,0,NaN,1,NaN,0.80078125,NaN
894,558111,4,0,NaN,1,NaN,0.798828125,NaN
895,558520,4,0,NaN,1,NaN,0.80078125,NaN
896,558930,4,0,NaN,1,NaN,0.80078125,NaN
897,559340,4,0,NaN,1,NaN,0.798828125,NaN
898,559749,4,0,NaN,1,NaN,0.80078125,NaN
899,560159,4,0,NaN,1,NaN,0.798828125,NaN
900,560568,4,0,NaN,1,NaN,163.814453125,NaN
901,644441,5,0,NaN,1,NaN,0.798828125,NaN
902,644850,5,0,NaN,1,NaN,0.80078125,NaN
903,645260,5,0,NaN,1,NaN,0.798828125,NaN
904,645669,5,0,NaN,1,NaN,0.80078125,NaN
905,646079,5,0,NaN,1,NaN,0.80078125,NaN
906,646489,5,0,NaN,1,NaN,0.798828125,NaN
907,646898,5,0,NaN,1,NaN,0.798828125,NaN
908,647307,5,0,NaN,1,NaN,0.80078125,NaN
909,647717,5,0,NaN,1,NaN,0.80078125,NaN
910,648127,5,1,NaN,NaN,0,1.119140625,NaN
911,648700,5,0,NaN,1,NaN,0.80078125,NaN
912,649110,5,0,NaN,1,NaN,0.798828125,NaN
913,649519,5,0,NaN,1,NaN,0.80078125,NaN
914,649929,5,0,NaN,1,NaN,0.798828125,NaN
915,650338,5,0,NaN,1,NaN,0.80078125,NaN
916,650748,5,0,NaN,1,NaN,0.798828125,NaN
917,651157,5,1,NaN,NaN,1,1.12109375,1.5390625
918,651731,5,0,0.41796875,1,NaN,0.80078125,NaN
919,652141,5,0,NaN,1,NaN,0.798828125,NaN
920,652550,5,0,NaN,1,NaN,0.798828125,NaN
921,652959,5,0,NaN,1,NaN,0.80078125,NaN
922,653369,5,0,NaN,1,NaN,0.80078125,NaN
923,653779,5,0,NaN,1,NaN,0.798828125,NaN
924,654188,5,0,NaN,1,NaN,0.80078125,NaN
925,654598,5,0,NaN,1,NaN,0.798828125,NaN
926,655007,5,0,NaN,1,NaN,0.80078125,NaN
927,655417,5,0,NaN,1,NaN,0.798828125,NaN
928,655826,5,0,NaN,1,NaN,0.80078125,NaN
929,656236,5,1,NaN,NaN,1,1.119140625,1.234375
930,656809,5,0,0.115234375,1,NaN,0.80078125,NaN
931,657219,5,0,NaN,1,NaN,0.80078125,NaN
932,657629,5,0,NaN,1,NaN,0.798828125,NaN
933,658038,5,0,NaN,1,NaN,0.80078125,NaN
934,658448,5,0,NaN,1,NaN,0.80078125,NaN
935,658858,5,0,NaN,1,NaN,0.798828125,NaN
936,659267,5,0,NaN,1,NaN,0.80078125,NaN
937,659677,5,0,NaN,1,NaN,0.798828125,NaN
938,660086,5,0,NaN,1,NaN,0.80078125,NaN
939,660496,5,0,NaN,1,NaN,0.798828125,NaN
940,660905,5,0,NaN,1,NaN,0.80078125,NaN
941,661315,5,1,NaN,NaN,1,1.119140625,1.44140625
942,661888,5,0,0.322265625,1,NaN,0.80078125,NaN
943,662298,5,0,NaN,1,NaN,0.798828125,NaN
944,662707,5,0,NaN,1,NaN,0.80078125,NaN
945,663117,5,0,NaN,1,NaN,0.798828125,NaN
946,663526,5,0,NaN,1,NaN,0.80078125,NaN
947,663936,5,0,NaN,1,NaN,0.798828125,NaN
948,664345,5,0,NaN,1,NaN,0.80078125,NaN
949,664755,5,0,NaN,1,NaN,0.80078125,NaN
950,665165,5,0,NaN,1,NaN,0.798828125,NaN
951,665574,5,1,NaN,NaN,1,1.12109375,1.306640625
952,666148,5,0,0.185546875,1,NaN,0.798828125,NaN
953,666557,5,0,NaN,1,NaN,0.80078125,NaN
954,666967,5,0,NaN,1,NaN,0.798828125,NaN
955,667376,5,0,NaN,1,NaN,0.80078125,NaN
956,667786,5,0,NaN,1,NaN,0.798828125,NaN
957,668195,5,0,NaN,1,NaN,0.80078125,NaN
958,668605,5,0,NaN,1,NaN,0.798828125,NaN
959,669014,5,0,NaN,1,NaN,0.80078125,NaN
960,669424,5,0,NaN,1,NaN,0.80078125,NaN
961,669834,5,0,NaN,1,NaN,0.798828125,NaN
962,670243,5,0,NaN,1,NaN,0.80078125,NaN
963,670653,5,0,NaN,1,NaN,0.80078125,NaN
964,671063,5,0,NaN,1,NaN,0.798828125,NaN
965,671472,5,1,NaN,NaN,1,1.119140625,1.458984375
966,672045,5,0,0.33984375,1,NaN,0.80078125,NaN
967,672455,5,0,NaN,1,NaN,0.80078125,NaN
968,672865,5,0,NaN,1,NaN,0.798828125,NaN
969,673274,5,0,NaN,1,NaN,0.80078125,NaN
970,673684,5,0,NaN,1,NaN,0.798828125,NaN
971,674093,5,0,NaN,1,NaN,0.80078125,NaN
972,674503,5,0,NaN,1,NaN,0.80078125,NaN
973,674913,5,0,NaN,1,NaN,0.798828125,NaN
974,675322,5,0,NaN,1,NaN,0.80078125,NaN
975,675732,5,0,NaN,1,NaN,0.798828125,NaN
976,676141,5,0,NaN,1,NaN,0.80078125,NaN
977,676551,5,0,NaN,1,NaN,0.798828125,NaN
978,676960,5,0,NaN,1,NaN,0.80078125,NaN
979,677370,5,0,NaN,1,NaN,0.798828125,NaN
980,677779,5,1,NaN,NaN,0,1.12109375,NaN
981,678353,5,0,NaN,1,NaN,0.798828125,NaN
982,678762,5,0,NaN,1,NaN,0.80078125,NaN
983,679172,5,0,NaN,1,NaN,0.798828125,NaN
984,679581,5,0,NaN,1,NaN,0.80078125,NaN
985,679991,5,0,NaN,1,NaN,0.798828125,NaN
986,680400,5,0,NaN,1,NaN,0.80078125,NaN
987,680810,5,0,NaN,1,NaN,0.80078125,NaN
988,681220,5,0,NaN,1,NaN,0.798828125,NaN
989,681629,5,1,NaN,NaN,0,1.12109375,NaN
990,682203,5,0,NaN,1,NaN,0.798828125,NaN
991,682612,5,0,NaN,1,NaN,0.80078125,NaN
992,683022,5,0,NaN,1,NaN,0.798828125,NaN
993,683431,5,0,NaN,1,NaN,0.80078125,NaN
994,683841,5,0,NaN,1,NaN,0.798828125,NaN
995,684250,5,0,NaN,1,NaN,0.80078125,NaN
996,684660,5,0,NaN,1,NaN,0.80078125,NaN
997,685070,5,0,NaN,1,NaN,0.798828125,NaN
998,685479,5,0,NaN,1,NaN,0.80078125,NaN
999,685889,5,0,NaN,1,NaN,0.798828125,NaN
1000,686298,5,1,NaN,NaN,1,1.12109375,1.1875
1001,686872,5,0,0.06640625,1,NaN,0.798828125,NaN
1002,687281,5,0,NaN,1,NaN,0.80078125,NaN
1003,687691,5,0,NaN,1,NaN,0.798828125,NaN
1004,688100,5,0,NaN,1,NaN,0.80078125,NaN
1005,688510,5,0,NaN,1,NaN,0.80078125,NaN
1006,688920,5,0,NaN,1,NaN,0.798828125,NaN
1007,689329,5,1,NaN,NaN,0,1.119140625,NaN
1008,689902,5,0,NaN,1,NaN,0.80078125,NaN
1009,690312,5,0,NaN,1,NaN,0.80078125,NaN
1010,690722,5,0,NaN,1,NaN,0.798828125,NaN
1011,691131,5,0,NaN,1,NaN,0.80078125,NaN
1012,691541,5,0,NaN,1,NaN,0.798828125,NaN
1013,691950,5,0,NaN,1,NaN,0.80078125,NaN
1014,692360,5,0,NaN,1,NaN,0.798828125,NaN
1015,692769,5,1,NaN,NaN,0,1.12109375,NaN
1016,693343,5,0,NaN,1,NaN,0.80078125,NaN
1017,693753,5,0,NaN,1,NaN,0.798828125,NaN
1018,694162,5,0,NaN,1,NaN,0.798828125,NaN
1019,694571,5,0,NaN,1,NaN,0.80078125,NaN
1020,694981,5,0,NaN,1,NaN,0.80078125,NaN
1021,695391,5,0,NaN,1,NaN,0.798828125,NaN
1022,695800,5,0,NaN,1,NaN,0.80078125,NaN
1023,696210,5,0,NaN,1,NaN,0.80078125,NaN
1024,696620,5,0,NaN,0,NaN,0.798828125,1.353515625
1025,697029,5,0,0.5546875,1,NaN,0.798828125,NaN
1026,697438,5,0,NaN,1,NaN,0.80078125,NaN
1027,697848,5,1,NaN,NaN,0,1.119140625,NaN
1028,698421,5,0,NaN,1,NaN,0.80078125,NaN
1029,698831,5,0,NaN,1,NaN,0.798828125,NaN
1030,699240,5,0,NaN,1,NaN,0.80078125,NaN
1031,699650,5,0,NaN,1,NaN,0.80078125,NaN
1032,700060,5,0,NaN,1,NaN,0.798828125,NaN
1033,700469,5,0,NaN,1,NaN,0.80078125,NaN
1034,700879,5,0,NaN,1,NaN,0.798828125,NaN
1035,701288,5,1,NaN,NaN,1,1.12109375,1.34765625
1036,701862,5,0,0.2265625,1,NaN,0.80078125,NaN
1037,702272,5,0,NaN,1,NaN,0.798828125,NaN
1038,702681,5,0,NaN,1,NaN,0.798828125,NaN
1039,703090,5,0,NaN,1,NaN,0.80078125,NaN
1040,703500,5,0,NaN,1,NaN,0.80078125,NaN
1041,703910,5,0,NaN,1,NaN,0.798828125,NaN
1042,704319,5,0,NaN,1,NaN,0.80078125,NaN
1043,704729,5,1,NaN,NaN,0,1.119140625,NaN
1044,705302,5,0,NaN,1,NaN,0.80078125,NaN
1045,705712,5,0,NaN,1,NaN,0.798828125,NaN
1046,706121,5,0,NaN,1,NaN,0.80078125,NaN
1047,706531,5,0,NaN,1,NaN,0.798828125,NaN
1048,706940,5,0,NaN,1,NaN,0.80078125,NaN
1049,707350,5,0,NaN,1,NaN,0.80078125,NaN
1050,707760,5,1,NaN,NaN,0,1.119140625,NaN
1051,708333,5,0,NaN,1,NaN,0.798828125,NaN
1052,708742,5,0,NaN,1,NaN,0.80078125,NaN
1053,709152,5,0,NaN,1,NaN,0.80078125,NaN
1054,709562,5,0,NaN,1,NaN,0.798828125,NaN
1055,709971,5,0,NaN,1,NaN,0.80078125,NaN
1056,710381,5,0,NaN,1,NaN,0.798828125,NaN
1057,710790,5,0,NaN,1,NaN,0.80078125,NaN
1058,711200,5,0,NaN,1,NaN,0.798828125,NaN
1059,711609,5,0,NaN,1,NaN,0.80078125,NaN
1060,712019,5,1,NaN,NaN,1,1.119140625,1.427734375
1061,712592,5,0,0.30859375,1,NaN,0.80078125,NaN
1062,713002,5,0,NaN,1,NaN,0.798828125,NaN
1063,713411,5,0,NaN,1,NaN,0.80078125,NaN
1064,713821,5,0,NaN,1,NaN,0.80078125,NaN
1065,714231,5,0,NaN,1,NaN,0.798828125,NaN
1066,714640,5,0,NaN,1,NaN,0.80078125,NaN
1067,715050,5,0,NaN,1,NaN,0.798828125,NaN
1068,715459,5,0,NaN,1,NaN,0.80078125,NaN
1069,715869,5,1,NaN,NaN,1,1.12109375,1.53125
1070,716443,5,0,0.41015625,1,NaN,0.798828125,NaN
1071,716852,5,0,NaN,1,NaN,0.80078125,NaN
1072,717262,5,0,NaN,1,NaN,0.798828125,NaN
1073,717671,5,0,NaN,1,NaN,0.80078125,NaN
1074,718081,5,0,NaN,1,NaN,0.798828125,NaN
1075,718490,5,0,NaN,1,NaN,0.80078125,NaN
1076,718900,5,0,NaN,1,NaN,0.798828125,NaN
1077,719309,5,0,NaN,1,NaN,0.80078125,NaN
1078,719719,5,0,NaN,1,NaN,0.80078125,NaN
1079,720129,5,0,NaN,1,NaN,0.798828125,NaN
1080,720538,5,0,NaN,1,NaN,0.80078125,NaN
1081,720948,5,0,NaN,1,NaN,0.798828125,NaN
1082,721357,5,0,NaN,1,NaN,0.80078125,NaN
1083,721767,5,0,NaN,1,NaN,0.798828125,NaN
1084,722176,5,1,NaN,NaN,0,1.12109375,NaN
1085,722750,5,0,NaN,1,NaN,0.798828125,NaN
1086,723159,5,0,NaN,1,NaN,0.80078125,NaN
1087,723569,5,0,NaN,1,NaN,0.798828125,NaN
1088,723978,5,0,NaN,1,NaN,0.80078125,NaN
1089,724388,5,0,NaN,1,NaN,0.798828125,NaN
1090,724797,5,0,NaN,1,NaN,0.80078125,NaN
1091,725207,5,1,NaN,NaN,0,1.119140625,NaN
1092,725780,5,0,NaN,1,NaN,0.80078125,NaN
1093,726190,5,0,NaN,1,NaN,0.80078125,NaN
1094,726600,5,0,NaN,1,NaN,0.798828125,NaN
1095,727009,5,0,NaN,1,NaN,0.80078125,NaN
1096,727419,5,0,NaN,1,NaN,0.798828125,NaN
1097,727828,5,0,NaN,1,NaN,0.80078125,NaN
1098,728238,5,0,NaN,1,NaN,0.798828125,NaN
1099,728647,5,0,NaN,1,NaN,0.80078125,NaN
1100,729057,5,0,NaN,1,NaN,0.798828125,NaN
1101,729466,5,0,NaN,1,NaN,0.80078125,NaN
1102,729876,5,0,NaN,1,NaN,0.80078125,NaN
1103,730286,5,0,NaN,1,NaN,0.798828125,NaN
1104,730695,5,0,NaN,1,NaN,0.80078125,NaN
1105,731105,5,1,NaN,NaN,1,1.119140625,1.330078125
1106,731678,5,0,0.2109375,1,NaN,0.80078125,NaN
1107,732088,5,0,NaN,1,NaN,0.798828125,NaN
1108,732497,5,0,NaN,1,NaN,0.80078125,NaN
1109,732907,5,0,NaN,1,NaN,0.798828125,NaN
1110,733316,5,0,NaN,1,NaN,0.80078125,NaN
1111,733726,5,0,NaN,1,NaN,0.80078125,NaN
1112,734136,5,0,NaN,1,NaN,0.798828125,NaN
1113,734545,5,0,NaN,1,NaN,0.80078125,NaN
1114,734955,5,0,NaN,1,NaN,0.798828125,NaN
1115,735364,5,0,NaN,1,NaN,0.80078125,NaN
1116,735774,5,0,NaN,1,NaN,0.798828125,NaN
1117,736183,5,0,NaN,1,NaN,0.80078125,NaN
1118,736593,5,1,NaN,NaN,0,1.12109375,NaN
1119,737167,5,0,NaN,0,NaN,0.798828125,1.5625
1120,737576,5,0,0.763671875,1,NaN,0.80078125,NaN
1121,737986,5,0,NaN,1,NaN,0.798828125,NaN
1122,738395,5,0,NaN,1,NaN,0.80078125,NaN
1123,738805,5,0,NaN,1,NaN,0.798828125,NaN
1124,739214,5,0,NaN,1,NaN,0.80078125,NaN
1125,739624,5,0,NaN,1,NaN,50.009765625,NaN
1126,765229,6,0,NaN,1,NaN,0.798828125,NaN
1127,765638,6,0,NaN,1,NaN,0.80078125,NaN
1128,766048,6,0,NaN,1,NaN,0.798828125,NaN
1129,766457,6,0,NaN,1,NaN,0.80078125,NaN
1130,766867,6,0,NaN,1,NaN,0.798828125,NaN
1131,767276,6,0,NaN,1,NaN,0.80078125,NaN
1132,767686,6,0,NaN,1,NaN,0.798828125,NaN
1133,768095,6,0,NaN,1,NaN,0.80078125,NaN
1134,768505,6,0,NaN,1,NaN,0.80078125,NaN
1135,768915,6,0,NaN,1,NaN,0.798828125,NaN
1136,769324,6,0,NaN,1,NaN,0.80078125,NaN
1137,769734,6,0,NaN,1,NaN,0.798828125,NaN
1138,770143,6,1,NaN,NaN,0,1.12109375,NaN
1139,770717,6,0,NaN,1,NaN,0.798828125,NaN
1140,771126,6,0,NaN,1,NaN,0.80078125,NaN
1141,771536,6,0,NaN,1,NaN,0.798828125,NaN
1142,771945,6,0,NaN,1,NaN,0.80078125,NaN
1143,772355,6,0,NaN,1,NaN,0.798828125,NaN
1144,772764,6,0,NaN,1,NaN,0.80078125,NaN
1145,773174,6,0,NaN,1,NaN,0.80078125,NaN
1146,773584,6,0,NaN,1,NaN,0.798828125,NaN
1147,773993,6,1,NaN,NaN,1,1.12109375,1.28515625
1148,774567,6,0,0.1640625,1,NaN,0.798828125,NaN
1149,774976,6,0,NaN,1,NaN,0.80078125,NaN
1150,775386,6,0,NaN,1,NaN,0.798828125,NaN
1151,775795,6,0,NaN,1,NaN,0.80078125,NaN
1152,776205,6,0,NaN,1,NaN,0.798828125,NaN
1153,776614,6,0,NaN,1,NaN,0.80078125,NaN
1154,777024,6,0,NaN,1,NaN,0.80078125,NaN
1155,777434,6,0,NaN,1,NaN,0.798828125,NaN
1156,777843,6,1,NaN,NaN,1,1.119140625,1.166015625
1157,778416,6,0,0.046875,1,NaN,0.80078125,NaN
1158,778826,6,0,NaN,1,NaN,0.80078125,NaN
1159,779236,6,0,NaN,1,NaN,0.798828125,NaN
1160,779645,6,0,NaN,1,NaN,0.80078125,NaN
1161,780055,6,0,NaN,1,NaN,0.798828125,NaN
1162,780464,6,0,NaN,1,NaN,0.80078125,NaN
1163,780874,6,1,NaN,NaN,1,1.119140625,1.373046875
1164,781447,6,0,0.25390625,1,NaN,0.80078125,NaN
1165,781857,6,0,NaN,1,NaN,0.798828125,NaN
1166,782266,6,0,NaN,1,NaN,0.80078125,NaN
1167,782676,6,0,NaN,1,NaN,0.80078125,NaN
1168,783086,6,0,NaN,1,NaN,0.798828125,NaN
1169,783495,6,0,NaN,1,NaN,0.80078125,NaN
1170,783905,6,0,NaN,1,NaN,0.798828125,NaN
1171,784314,6,0,NaN,1,NaN,0.80078125,NaN
1172,784724,6,0,NaN,1,NaN,0.80078125,NaN
1173,785134,6,0,NaN,1,NaN,0.798828125,NaN
1174,785543,6,0,NaN,1,NaN,0.798828125,NaN
1175,785952,6,0,NaN,1,NaN,0.80078125,NaN
1176,786362,6,1,NaN,NaN,1,1.119140625,1.3984375
1177,786935,6,0,0.279296875,1,NaN,0.80078125,NaN
1178,787345,6,0,NaN,1,NaN,0.80078125,NaN
1179,787755,6,0,NaN,1,NaN,0.798828125,NaN
1180,788164,6,0,NaN,1,NaN,0.80078125,NaN
1181,788574,6,0,NaN,1,NaN,0.80078125,NaN
1182,788984,6,0,NaN,1,NaN,0.798828125,NaN
1183,789393,6,0,NaN,1,NaN,0.80078125,NaN
1184,789803,6,0,NaN,1,NaN,0.798828125,NaN
1185,790212,6,0,NaN,1,NaN,0.80078125,NaN
1186,790622,6,0,NaN,1,NaN,0.798828125,NaN
1187,791031,6,0,NaN,1,NaN,0.80078125,NaN
1188,791441,6,0,NaN,1,NaN,0.798828125,NaN
1189,791850,6,1,NaN,NaN,1,1.12109375,1.373046875
1190,792424,6,0,0.251953125,1,NaN,0.798828125,NaN
1191,792833,6,0,NaN,1,NaN,0.80078125,NaN
1192,793243,6,0,NaN,1,NaN,0.798828125,NaN
1193,793652,6,0,NaN,1,NaN,0.80078125,NaN
1194,794062,6,0,NaN,1,NaN,0.80078125,NaN
1195,794472,6,0,NaN,1,NaN,0.798828125,NaN
1196,794881,6,0,NaN,1,NaN,0.80078125,NaN
1197,795291,6,0,NaN,1,NaN,0.798828125,NaN
1198,795700,6,0,NaN,1,NaN,0.80078125,NaN
1199,796110,6,0,NaN,1,NaN,0.798828125,NaN
1200,796519,6,0,NaN,1,NaN,0.80078125,NaN
1201,796929,6,0,NaN,1,NaN,0.798828125,NaN
1202,797338,6,0,NaN,1,NaN,0.80078125,NaN
1203,797748,6,0,NaN,1,NaN,0.80078125,NaN
1204,798158,6,1,NaN,NaN,0,1.119140625,NaN
1205,798731,6,0,NaN,1,NaN,0.80078125,NaN
1206,799141,6,0,NaN,1,NaN,0.798828125,NaN
1207,799550,6,0,NaN,1,NaN,0.80078125,NaN
1208,799960,6,0,NaN,1,NaN,0.798828125,NaN
1209,800369,6,0,NaN,1,NaN,0.80078125,NaN
1210,800779,6,0,NaN,1,NaN,0.80078125,NaN
1211,801189,6,0,NaN,1,NaN,0.798828125,NaN
1212,801598,6,0,NaN,1,NaN,0.798828125,NaN
1213,802007,6,1,NaN,NaN,1,1.12109375,1.310546875
1214,802581,6,0,0.189453125,1,NaN,0.798828125,NaN
1215,802990,6,0,NaN,1,NaN,0.80078125,NaN
1216,803400,6,0,NaN,1,NaN,0.80078125,NaN
1217,803810,6,0,NaN,1,NaN,0.798828125,NaN
1218,804219,6,0,NaN,1,NaN,0.80078125,NaN
1219,804629,6,0,NaN,1,NaN,0.80078125,NaN
1220,805039,6,1,NaN,NaN,0,1.119140625,NaN
1221,805612,6,0,NaN,1,NaN,0.798828125,NaN
1222,806021,6,0,NaN,1,NaN,0.80078125,NaN
1223,806431,6,0,NaN,1,NaN,0.80078125,NaN
1224,806841,6,0,NaN,1,NaN,0.798828125,NaN
1225,807250,6,0,NaN,1,NaN,0.80078125,NaN
1226,807660,6,0,NaN,1,NaN,0.798828125,NaN
1227,808069,6,0,NaN,1,NaN,0.80078125,NaN
1228,808479,6,0,NaN,1,NaN,0.798828125,NaN
1229,808888,6,0,NaN,1,NaN,0.80078125,NaN
1230,809298,6,0,NaN,0,NaN,0.798828125,1.189453125
1231,809707,6,0,0.390625,1,NaN,0.80078125,NaN
1232,810117,6,0,NaN,1,NaN,0.798828125,NaN
1233,810526,6,0,NaN,1,NaN,0.80078125,NaN
1234,810936,6,1,NaN,NaN,0,1.119140625,NaN
1235,811509,6,0,NaN,1,NaN,0.80078125,NaN
1236,811919,6,0,NaN,1,NaN,0.80078125,NaN
1237,812329,6,0,NaN,1,NaN,0.798828125,NaN
1238,812738,6,0,NaN,1,NaN,0.80078125,NaN
1239,813148,6,0,NaN,1,NaN,0.80078125,NaN
1240,813558,6,0,NaN,1,NaN,0.798828125,NaN
1241,813967,6,1,NaN,NaN,1,1.12109375,1.693359375
1242,814541,6,0,0.572265625,1,NaN,0.798828125,NaN
1243,814950,6,0,NaN,1,NaN,0.798828125,NaN
1244,815359,6,0,NaN,1,NaN,0.80078125,NaN
1245,815769,6,0,NaN,1,NaN,0.798828125,NaN
1246,816178,6,0,NaN,1,NaN,0.80078125,NaN
1247,816588,6,0,NaN,1,NaN,0.80078125,NaN
1248,816998,6,0,NaN,1,NaN,0.798828125,NaN
1249,817407,6,0,NaN,1,NaN,0.80078125,NaN
1250,817817,6,0,NaN,1,NaN,0.798828125,NaN
1251,818226,6,1,NaN,NaN,0,1.12109375,NaN
1252,818800,6,0,NaN,1,NaN,0.798828125,NaN
1253,819209,6,0,NaN,1,NaN,0.80078125,NaN
1254,819619,6,0,NaN,1,NaN,0.798828125,NaN
1255,820028,6,0,NaN,1,NaN,0.80078125,NaN
1256,820438,6,0,NaN,1,NaN,0.80078125,NaN
1257,820848,6,0,NaN,1,NaN,0.798828125,NaN
1258,821257,6,0,NaN,1,NaN,0.80078125,NaN
1259,821667,6,0,NaN,1,NaN,0.80078125,NaN
1260,822077,6,0,NaN,1,NaN,0.798828125,NaN
1261,822486,6,1,NaN,NaN,0,1.119140625,NaN
1262,823059,6,0,NaN,1,NaN,0.80078125,NaN
1263,823469,6,0,NaN,1,NaN,0.798828125,NaN
1264,823878,6,0,NaN,1,NaN,0.80078125,NaN
1265,824288,6,0,NaN,1,NaN,0.798828125,NaN
1266,824697,6,0,NaN,1,NaN,0.80078125,NaN
1267,825107,6,0,NaN,1,NaN,0.80078125,NaN
1268,825517,6,0,NaN,1,NaN,0.798828125,NaN
1269,825926,6,0,NaN,1,NaN,0.80078125,NaN
1270,826336,6,0,NaN,1,NaN,0.80078125,NaN
1271,826746,6,0,NaN,1,NaN,0.798828125,NaN
1272,827155,6,0,NaN,1,NaN,0.80078125,NaN
1273,827565,6,1,NaN,NaN,1,1.119140625,1.396484375
1274,828138,6,0,0.27734375,1,NaN,0.798828125,NaN
1275,828547,6,0,NaN,1,NaN,0.80078125,NaN
1276,828957,6,0,NaN,1,NaN,0.80078125,NaN
1277,829367,6,0,NaN,1,NaN,0.798828125,NaN
1278,829776,6,0,NaN,1,NaN,0.80078125,NaN
1279,830186,6,0,NaN,1,NaN,0.80078125,NaN
1280,830596,6,0,NaN,1,NaN,0.798828125,NaN
1281,831005,6,0,NaN,1,NaN,0.798828125,NaN
1282,831414,6,1,NaN,NaN,0,1.12109375,NaN
1283,831988,6,0,NaN,1,NaN,0.798828125,NaN
1284,832397,6,0,NaN,1,NaN,0.80078125,NaN
1285,832807,6,0,NaN,1,NaN,0.798828125,NaN
1286,833216,6,0,NaN,1,NaN,0.80078125,NaN
1287,833626,6,0,NaN,1,NaN,0.80078125,NaN
1288,834036,6,0,NaN,1,NaN,0.798828125,NaN
1289,834445,6,0,NaN,1,NaN,0.80078125,NaN
1290,834855,6,0,NaN,1,NaN,0.798828125,NaN
1291,835264,6,0,NaN,1,NaN,0.80078125,NaN
1292,835674,6,0,NaN,1,NaN,0.798828125,NaN
1293,836083,6,1,NaN,NaN,0,1.12109375,NaN
1294,836657,6,0,NaN,1,NaN,0.798828125,NaN
1295,837066,6,0,NaN,1,NaN,0.80078125,NaN
1296,837476,6,0,NaN,1,NaN,0.80078125,NaN
1297,837886,6,0,NaN,1,NaN,0.798828125,NaN
1298,838295,6,0,NaN,1,NaN,0.80078125,NaN
1299,838705,6,0,NaN,1,NaN,0.798828125,NaN
1300,839114,6,0,NaN,1,NaN,0.80078125,NaN
1301,839524,6,0,NaN,1,NaN,0.798828125,NaN
1302,839933,6,1,NaN,NaN,1,1.12109375,1.509765625
1303,840507,6,0,0.388671875,1,NaN,0.798828125,NaN
1304,840916,6,0,NaN,1,NaN,0.80078125,NaN
1305,841326,6,0,NaN,1,NaN,0.80078125,NaN
1306,841736,6,0,NaN,1,NaN,0.798828125,NaN
1307,842145,6,0,NaN,1,NaN,0.80078125,NaN
1308,842555,6,0,NaN,1,NaN,0.798828125,NaN
1309,842964,6,1,NaN,NaN,0,1.12109375,NaN
1310,843538,6,0,NaN,1,NaN,0.798828125,NaN
1311,843947,6,0,NaN,1,NaN,0.80078125,NaN
1312,844357,6,0,NaN,1,NaN,0.80078125,NaN
1313,844767,6,0,NaN,1,NaN,0.798828125,NaN
1314,845176,6,0,NaN,1,NaN,0.798828125,NaN
1315,845585,6,0,NaN,1,NaN,0.80078125,NaN
1316,845995,6,0,NaN,1,NaN,0.798828125,NaN
1317,846404,6,0,NaN,1,NaN,0.80078125,NaN
1318,846814,6,1,NaN,NaN,0,1.119140625,NaN
1319,847387,6,0,NaN,1,NaN,0.80078125,NaN
1320,847797,6,0,NaN,1,NaN,0.80078125,NaN
1321,848207,6,0,NaN,1,NaN,0.798828125,NaN
1322,848616,6,0,NaN,1,NaN,0.80078125,NaN
1323,849026,6,0,NaN,1,NaN,0.798828125,NaN
1324,849435,6,0,NaN,1,NaN,0.80078125,NaN
1325,849845,6,0,NaN,1,NaN,0.798828125,NaN
1326,850254,6,0,NaN,1,NaN,0.80078125,NaN
1327,850664,6,0,NaN,1,NaN,0.80078125,NaN
1328,851074,6,1,NaN,NaN,0,1.119140625,NaN
1329,851647,6,0,NaN,1,NaN,0.80078125,NaN
1330,852057,6,0,NaN,1,NaN,0.798828125,NaN
1331,852466,6,0,NaN,1,NaN,0.80078125,NaN
1332,852876,6,0,NaN,1,NaN,0.798828125,NaN
1333,853285,6,0,NaN,1,NaN,0.80078125,NaN
1334,853695,6,0,NaN,1,NaN,0.80078125,NaN
1335,854105,6,0,NaN,1,NaN,0.798828125,NaN
1336,854514,6,0,NaN,1,NaN,0.798828125,NaN
1337,854923,6,0,NaN,1,NaN,0.80078125,NaN
1338,855333,6,0,NaN,1,NaN,0.80078125,NaN
1339,855743,6,0,NaN,1,NaN,0.798828125,NaN
1340,856152,6,0,NaN,0,NaN,0.80078125,0.95703125
1341,856562,6,0,0.15625,1,NaN,0.80078125,NaN
1342,856972,6,1,NaN,NaN,0,1.119140625,NaN
1343,857545,6,0,NaN,1,NaN,0.80078125,NaN
1344,857955,6,0,NaN,1,NaN,0.798828125,NaN
1345,858364,6,0,NaN,1,NaN,0.798828125,NaN
1346,858773,6,0,NaN,1,NaN,0.80078125,NaN
1347,859183,6,0,NaN,1,NaN,0.80078125,NaN
1348,859593,6,0,NaN,1,NaN,0.798828125,NaN
1349,860002,6,0,NaN,1,NaN,0.80078125,NaN
1350,860412,6,0,NaN,1,NaN,39.25,NaN
1351,880508,7,0,NaN,1,NaN,0.80078125,NaN
1352,880918,7,0,NaN,1,NaN,0.798828125,NaN
1353,881327,7,0,NaN,1,NaN,0.80078125,NaN
1354,881737,7,0,NaN,1,NaN,0.798828125,NaN
1355,882146,7,0,NaN,1,NaN,0.80078125,NaN
1356,882556,7,0,NaN,1,NaN,0.798828125,NaN
1357,882965,7,0,NaN,1,NaN,0.80078125,NaN
1358,883375,7,0,NaN,1,NaN,0.798828125,NaN
1359,883784,7,0,NaN,1,NaN,0.80078125,NaN
1360,884194,7,0,NaN,1,NaN,0.798828125,NaN
1361,884603,7,0,NaN,1,NaN,0.80078125,NaN
1362,885013,7,0,NaN,1,NaN,0.80078125,NaN
1363,885423,7,0,NaN,1,NaN,0.798828125,NaN
1364,885832,7,0,NaN,1,NaN,0.80078125,NaN
1365,886242,7,1,NaN,NaN,1,1.119140625,1.65625
1366,886815,7,0,0.537109375,1,NaN,0.80078125,NaN
1367,887225,7,0,NaN,1,NaN,0.798828125,NaN
1368,887634,7,0,NaN,1,NaN,0.80078125,NaN
1369,888044,7,0,NaN,1,NaN,0.798828125,NaN
1370,888453,7,0,NaN,1,NaN,0.80078125,NaN
1371,888863,7,0,NaN,1,NaN,0.798828125,NaN
1372,889272,7,0,NaN,1,NaN,0.80078125,NaN
1373,889682,7,0,NaN,1,NaN,0.80078125,NaN
1374,890092,7,0,NaN,1,NaN,0.798828125,NaN
1375,890501,7,0,NaN,1,NaN,0.80078125,NaN
1376,890911,7,0,NaN,1,NaN,0.798828125,NaN
1377,891320,7,0,NaN,1,NaN,0.80078125,NaN
1378,891730,7,0,NaN,1,NaN,0.798828125,NaN
1379,892139,7,0,NaN,1,NaN,0.80078125,NaN
1380,892549,7,1,NaN,NaN,1,1.119140625,1.439453125
1381,893122,7,0,0.3203125,1,NaN,0.80078125,NaN
1382,893532,7,0,NaN,1,NaN,0.798828125,NaN
1383,893941,7,0,NaN,1,NaN,0.80078125,NaN
1384,894351,7,0,NaN,1,NaN,0.80078125,NaN
1385,894761,7,0,NaN,1,NaN,0.798828125,NaN
1386,895170,7,0,NaN,1,NaN,0.80078125,NaN
1387,895580,7,0,NaN,1,NaN,0.798828125,NaN
1388,895989,7,0,NaN,1,NaN,0.80078125,NaN
1389,896399,7,0,NaN,1,NaN,0.798828125,NaN
1390,896808,7,0,NaN,1,NaN,0.80078125,NaN
1391,897218,7,0,NaN,1,NaN,0.80078125,NaN
1392,897628,7,0,NaN,1,NaN,0.798828125,NaN
1393,898037,7,0,NaN,1,NaN,0.80078125,NaN
1394,898447,7,0,NaN,1,NaN,0.80078125,NaN
1395,898857,7,1,NaN,NaN,1,1.119140625,1.3984375
1396,899430,7,0,0.279296875,1,NaN,0.80078125,NaN
1397,899840,7,0,NaN,1,NaN,0.798828125,NaN
1398,900249,7,0,NaN,1,NaN,0.798828125,NaN
1399,900658,7,0,NaN,1,NaN,0.80078125,NaN
1400,901068,7,0,NaN,1,NaN,0.80078125,NaN
1401,901478,7,0,NaN,1,NaN,0.798828125,NaN
1402,901887,7,0,NaN,1,NaN,0.80078125,NaN
1403,902297,7,0,NaN,1,NaN,0.798828125,NaN
1404,902706,7,0,NaN,1,NaN,0.80078125,NaN
1405,903116,7,0,NaN,1,NaN,0.798828125,NaN
1406,903525,7,0,NaN,1,NaN,0.80078125,NaN
1407,903935,7,0,NaN,1,NaN,0.80078125,NaN
1408,904345,7,1,NaN,NaN,0,1.119140625,NaN
1409,904918,7,0,NaN,1,NaN,0.80078125,NaN
1410,905328,7,0,NaN,1,NaN,0.798828125,NaN
1411,905737,7,0,NaN,1,NaN,0.80078125,NaN
1412,906147,7,0,NaN,1,NaN,0.798828125,NaN
1413,906556,7,0,NaN,1,NaN,0.80078125,NaN
1414,906966,7,0,NaN,1,NaN,0.798828125,NaN
1415,907375,7,0,NaN,1,NaN,0.80078125,NaN
1416,907785,7,0,NaN,1,NaN,0.798828125,NaN
1417,908194,7,0,NaN,1,NaN,0.80078125,NaN
1418,908604,7,1,NaN,NaN,0,1.119140625,NaN
1419,909177,7,0,NaN,1,NaN,0.80078125,NaN
1420,909587,7,0,NaN,1,NaN,0.798828125,NaN
1421,909996,7,0,NaN,1,NaN,0.80078125,NaN
1422,910406,7,0,NaN,1,NaN,0.80078125,NaN
1423,910816,7,0,NaN,1,NaN,0.798828125,NaN
1424,911225,7,0,NaN,1,NaN,0.80078125,NaN
1425,911635,7,0,NaN,1,NaN,0.80078125,NaN
1426,912045,7,0,NaN,1,NaN,0.798828125,NaN
1427,912454,7,1,NaN,NaN,1,1.119140625,1.607421875
1428,913027,7,0,0.48828125,1,NaN,0.80078125,NaN
1429,913437,7,0,NaN,1,NaN,0.798828125,NaN
1430,913846,7,0,NaN,1,NaN,0.80078125,NaN
1431,914256,7,0,NaN,1,NaN,0.80078125,NaN
1432,914666,7,0,NaN,1,NaN,0.798828125,NaN
1433,915075,7,0,NaN,1,NaN,0.80078125,NaN
1434,915485,7,0,NaN,1,NaN,0.80078125,NaN
1435,915895,7,1,NaN,NaN,0,1.119140625,NaN
1436,916468,7,0,NaN,1,NaN,0.798828125,NaN
1437,916877,7,0,NaN,1,NaN,0.80078125,NaN
1438,917287,7,0,NaN,1,NaN,0.798828125,NaN
1439,917696,7,0,NaN,1,NaN,0.80078125,NaN
1440,918106,7,0,NaN,1,NaN,0.80078125,NaN
1441,918516,7,0,NaN,1,NaN,0.798828125,NaN
1442,918925,7,0,NaN,1,NaN,0.80078125,NaN
1443,919335,7,0,NaN,1,NaN,0.798828125,NaN
1444,919744,7,0,NaN,1,NaN,0.80078125,NaN
1445,920154,7,0,NaN,1,NaN,0.798828125,NaN
1446,920563,7,0,NaN,1,NaN,0.80078125,NaN
1447,920973,7,1,NaN,NaN,1,1.119140625,1.224609375
1448,921546,7,0,0.10546875,1,NaN,0.80078125,NaN
1449,921956,7,0,NaN,1,NaN,0.798828125,NaN
1450,922365,7,0,NaN,1,NaN,0.80078125,NaN
1451,922775,7,0,NaN,1,NaN,0.80078125,NaN
1452,923185,7,0,NaN,1,NaN,0.798828125,NaN
1453,923594,7,0,NaN,1,NaN,0.80078125,NaN
1454,924004,7,0,NaN,1,NaN,0.798828125,NaN
1455,924413,7,0,NaN,1,NaN,0.80078125,NaN
1456,924823,7,0,NaN,1,NaN,0.798828125,NaN
1457,925232,7,0,NaN,1,NaN,0.80078125,NaN
1458,925642,7,0,NaN,1,NaN,0.798828125,NaN
1459,926051,7,1,NaN,NaN,0,1.12109375,NaN
1460,926625,7,0,NaN,1,NaN,0.80078125,NaN
1461,927035,7,0,NaN,1,NaN,0.798828125,NaN
1462,927444,7,0,NaN,1,NaN,0.80078125,NaN
1463,927854,7,0,NaN,1,NaN,0.798828125,NaN
1464,928263,7,0,NaN,1,NaN,0.80078125,NaN
1465,928673,7,0,NaN,1,NaN,0.80078125,NaN
1466,929083,7,0,NaN,1,NaN,0.798828125,NaN
1467,929492,7,1,NaN,NaN,1,1.119140625,1.34375
1468,930065,7,0,0.224609375,1,NaN,0.80078125,NaN
1469,930475,7,0,NaN,1,NaN,0.80078125,NaN
1470,930885,7,0,NaN,1,NaN,0.798828125,NaN
1471,931294,7,0,NaN,1,NaN,0.798828125,NaN
1472,931703,7,0,NaN,1,NaN,0.80078125,NaN
1473,932113,7,0,NaN,1,NaN,0.80078125,NaN
1474,932523,7,0,NaN,1,NaN,0.798828125,NaN
1475,932932,7,0,NaN,1,NaN,0.80078125,NaN
1476,933342,7,0,NaN,1,NaN,0.80078125,NaN
1477,933752,7,0,NaN,1,NaN,0.798828125,NaN
1478,934161,7,0,NaN,1,NaN,0.80078125,NaN
1479,934571,7,0,NaN,1,NaN,0.798828125,NaN
1480,934980,7,1,NaN,NaN,0,1.119140625,NaN
1481,935553,7,0,NaN,1,NaN,0.80078125,NaN
1482,935963,7,0,NaN,1,NaN,0.80078125,NaN
1483,936373,7,0,NaN,1,NaN,0.798828125,NaN
1484,936782,7,0,NaN,1,NaN,0.80078125,NaN
1485,937192,7,0,NaN,1,NaN,0.798828125,NaN
1486,937601,7,0,NaN,1,NaN,0.80078125,NaN
1487,938011,7,0,NaN,1,NaN,0.80078125,NaN
1488,938421,7,1,NaN,NaN,0,1.119140625,NaN
1489,938994,7,0,NaN,1,NaN,0.798828125,NaN
1490,939403,7,0,NaN,1,NaN,0.80078125,NaN
1491,939813,7,0,NaN,1,NaN,0.798828125,NaN
1492,940222,7,0,NaN,1,NaN,0.80078125,NaN
1493,940632,7,0,NaN,1,NaN,0.80078125,NaN
1494,941042,7,0,NaN,1,NaN,0.798828125,NaN
1495,941451,7,0,NaN,1,NaN,0.80078125,NaN
1496,941861,7,0,NaN,1,NaN,0.80078125,NaN
1497,942271,7,0,NaN,1,NaN,0.798828125,NaN
1498,942680,7,0,NaN,1,NaN,0.80078125,NaN
1499,943090,7,0,NaN,1,NaN,0.798828125,NaN
1500,943499,7,0,NaN,1,NaN,0.80078125,NaN
1501,943909,7,0,NaN,1,NaN,0.798828125,NaN
1502,944318,7,0,NaN,1,NaN,0.80078125,NaN
1503,944728,7,1,NaN,NaN,1,1.119140625,1.759765625
1504,945301,7,0,0.640625,1,NaN,0.80078125,NaN
1505,945711,7,0,NaN,1,NaN,0.798828125,NaN
1506,946120,7,0,NaN,1,NaN,0.80078125,NaN
1507,946530,7,0,NaN,1,NaN,0.798828125,NaN
1508,946939,7,0,NaN,1,NaN,0.80078125,NaN
1509,947349,7,0,NaN,1,NaN,0.80078125,NaN
1510,947759,7,0,NaN,1,NaN,0.798828125,NaN
1511,948168,7,0,NaN,1,NaN,0.80078125,NaN
1512,948578,7,0,NaN,1,NaN,0.798828125,NaN
1513,948987,7,0,NaN,1,NaN,0.80078125,NaN
1514,949397,7,0,NaN,1,NaN,0.798828125,NaN
1515,949806,7,0,NaN,1,NaN,0.80078125,NaN
1516,950216,7,0,NaN,1,NaN,0.798828125,NaN
1517,950625,7,1,NaN,NaN,0,1.12109375,NaN
1518,951199,7,0,NaN,1,NaN,0.80078125,NaN
1519,951609,7,0,NaN,1,NaN,0.798828125,NaN
1520,952018,7,0,NaN,1,NaN,0.80078125,NaN
1521,952428,7,0,NaN,1,NaN,0.798828125,NaN
1522,952837,7,0,NaN,1,NaN,0.80078125,NaN
1523,953247,7,0,NaN,1,NaN,0.798828125,NaN
1524,953656,7,0,NaN,1,NaN,0.80078125,NaN
1525,954066,7,0,NaN,1,NaN,0.798828125,NaN
1526,954475,7,0,NaN,1,NaN,0.80078125,NaN
1527,954885,7,0,NaN,1,NaN,0.80078125,NaN
1528,955295,7,0,NaN,1,NaN,0.798828125,NaN
1529,955704,7,1,NaN,NaN,0,1.119140625,NaN
1530,956277,7,0,NaN,0,NaN,0.80078125,1.576171875
1531,956687,7,0,0.775390625,1,NaN,0.80078125,NaN
1532,957097,7,0,NaN,1,NaN,0.798828125,NaN
1533,957506,7,0,NaN,1,NaN,0.80078125,NaN
1534,957916,7,0,NaN,1,NaN,0.80078125,NaN
1535,958326,7,0,NaN,1,NaN,0.798828125,NaN
1536,958735,7,0,NaN,1,NaN,0.80078125,NaN
1537,959145,7,0,NaN,1,NaN,0.798828125,NaN
1538,959554,7,0,NaN,1,NaN,0.80078125,NaN
1539,959964,7,0,NaN,1,NaN,0.798828125,NaN
1540,960373,7,1,NaN,NaN,0,1.12109375,NaN
1541,960947,7,0,NaN,1,NaN,0.798828125,NaN
1542,961356,7,0,NaN,1,NaN,0.80078125,NaN
1543,961766,7,0,NaN,1,NaN,0.798828125,NaN
1544,962175,7,0,NaN,1,NaN,0.80078125,NaN
1545,962585,7,0,NaN,1,NaN,0.798828125,NaN
1546,962994,7,0,NaN,1,NaN,0.80078125,NaN
1547,963404,7,0,NaN,1,NaN,0.80078125,NaN
1548,963814,7,0,NaN,1,NaN,0.798828125,NaN
1549,964223,7,0,NaN,1,NaN,0.80078125,NaN
1550,964633,7,1,NaN,NaN,1,1.119140625,1.83203125
1551,965206,7,0,0.712890625,1,NaN,0.80078125,NaN
1552,965616,7,0,NaN,1,NaN,0.798828125,NaN
1553,966025,7,0,NaN,1,NaN,0.80078125,NaN
1554,966435,7,0,NaN,1,NaN,0.80078125,NaN
1555,966845,7,0,NaN,1,NaN,0.798828125,NaN
1556,967254,7,0,NaN,1,NaN,0.798828125,NaN
1557,967663,7,0,NaN,1,NaN,0.80078125,NaN
1558,968073,7,0,NaN,1,NaN,0.80078125,NaN
1559,968483,7,0,NaN,1,NaN,0.798828125,NaN
1560,968892,7,0,NaN,1,NaN,0.80078125,NaN
1561,969302,7,0,NaN,1,NaN,0.798828125,NaN
1562,969711,7,1,NaN,NaN,0,1.12109375,NaN
1563,970285,7,0,NaN,1,NaN,0.798828125,NaN
1564,970694,7,0,NaN,1,NaN,0.80078125,NaN
1565,971104,7,0,NaN,1,NaN,0.798828125,NaN
1566,971513,7,0,NaN,1,NaN,0.80078125,NaN
1567,971923,7,0,NaN,1,NaN,0.798828125,NaN
1568,972332,7,0,NaN,1,NaN,0.80078125,NaN
1569,972742,7,0,NaN,1,NaN,0.80078125,NaN
1570,973152,7,0,NaN,1,NaN,0.798828125,NaN
1571,973561,7,0,NaN,1,NaN,0.80078125,NaN
1572,973971,7,0,NaN,1,NaN,0.798828125,NaN
1573,974380,7,0,NaN,1,NaN,0.80078125,NaN
1574,974790,7,0,NaN,1,NaN,0.798828125,NaN
1575,975199,7,1,NaN,NaN,0,48.5703125,NaN
1576,1000067,8,0,NaN,1,NaN,0.798828125,NaN
1577,1000476,8,0,NaN,1,NaN,0.80078125,NaN
1578,1000886,8,0,NaN,1,NaN,0.80078125,NaN
1579,1001296,8,0,NaN,1,NaN,0.798828125,NaN
1580,1001705,8,0,NaN,1,NaN,0.80078125,NaN
1581,1002115,8,0,NaN,1,NaN,0.798828125,NaN
1582,1002524,8,0,NaN,1,NaN,0.80078125,NaN
1583,1002934,8,0,NaN,1,NaN,0.798828125,NaN
1584,1003343,8,0,NaN,1,NaN,0.80078125,NaN
1585,1003753,8,0,NaN,1,NaN,0.80078125,NaN
1586,1004163,8,0,NaN,1,NaN,0.798828125,NaN
1587,1004572,8,0,NaN,1,NaN,0.80078125,NaN
1588,1004982,8,0,NaN,1,NaN,0.798828125,NaN
1589,1005391,8,0,NaN,1,NaN,0.80078125,NaN
1590,1005801,8,0,NaN,1,NaN,0.798828125,NaN
1591,1006210,8,1,NaN,NaN,1,1.12109375,1.435546875
1592,1006784,8,0,0.314453125,1,NaN,0.798828125,NaN
1593,1007193,8,0,NaN,1,NaN,0.80078125,NaN
1594,1007603,8,0,NaN,1,NaN,0.80078125,NaN
1595,1008013,8,0,NaN,1,NaN,0.798828125,NaN
1596,1008422,8,0,NaN,1,NaN,0.80078125,NaN
1597,1008832,8,0,NaN,1,NaN,0.798828125,NaN
1598,1009241,8,0,NaN,1,NaN,0.80078125,NaN
1599,1009651,8,0,NaN,1,NaN,0.798828125,NaN
1600,1010060,8,0,NaN,1,NaN,0.80078125,NaN
1601,1010470,8,0,NaN,1,NaN,0.798828125,NaN
1602,1010879,8,0,NaN,1,NaN,0.80078125,NaN
1603,1011289,8,0,NaN,1,NaN,0.80078125,NaN
1604,1011699,8,0,NaN,1,NaN,0.798828125,NaN
1605,1012108,8,1,NaN,NaN,0,1.12109375,NaN
1606,1012682,8,0,NaN,1,NaN,0.798828125,NaN
1607,1013091,8,0,NaN,1,NaN,0.80078125,NaN
1608,1013501,8,0,NaN,1,NaN,0.80078125,NaN
1609,1013911,8,0,NaN,1,NaN,0.798828125,NaN
1610,1014320,8,0,NaN,1,NaN,0.80078125,NaN
1611,1014730,8,0,NaN,1,NaN,0.798828125,NaN
1612,1015139,8,0,NaN,1,NaN,0.80078125,NaN
1613,1015549,8,0,NaN,1,NaN,0.798828125,NaN
1614,1015958,8,0,NaN,1,NaN,0.80078125,NaN
1615,1016368,8,0,NaN,1,NaN,0.798828125,NaN
1616,1016777,8,0,NaN,1,NaN,0.80078125,NaN
1617,1017187,8,0,NaN,1,NaN,0.798828125,NaN
1618,1017596,8,1,NaN,NaN,0,1.12109375,NaN
1619,1018170,8,0,NaN,1,NaN,0.798828125,NaN
1620,1018579,8,0,NaN,1,NaN,0.80078125,NaN
1621,1018989,8,0,NaN,1,NaN,0.798828125,NaN
1622,1019398,8,0,NaN,1,NaN,0.80078125,NaN
1623,1019808,8,0,NaN,1,NaN,0.80078125,NaN
1624,1020218,8,0,NaN,1,NaN,0.798828125,NaN
1625,1020627,8,0,NaN,1,NaN,0.80078125,NaN
1626,1021037,8,0,NaN,1,NaN,0.798828125,NaN
1627,1021446,8,1,NaN,NaN,1,1.12109375,1.515625
1628,1022020,8,0,0.39453125,1,NaN,0.798828125,NaN
1629,1022429,8,0,NaN,1,NaN,0.80078125,NaN
1630,1022839,8,0,NaN,1,NaN,0.798828125,NaN
1631,1023248,8,0,NaN,1,NaN,0.80078125,NaN
1632,1023658,8,0,NaN,1,NaN,0.80078125,NaN
1633,1024068,8,0,NaN,1,NaN,0.798828125,NaN
1634,1024477,8,0,NaN,1,NaN,0.80078125,NaN
1635,1024887,8,0,NaN,1,NaN,0.80078125,NaN
1636,1025297,8,0,NaN,1,NaN,0.798828125,NaN
1637,1025706,8,0,NaN,1,NaN,0.798828125,NaN
1638,1026115,8,0,NaN,1,NaN,0.80078125,NaN
1639,1026525,8,1,NaN,NaN,1,1.119140625,1.40234375
1640,1027098,8,0,0.283203125,1,NaN,0.80078125,NaN
1641,1027508,8,0,NaN,1,NaN,0.798828125,NaN
1642,1027917,8,0,NaN,1,NaN,0.80078125,NaN
1643,1028327,8,0,NaN,1,NaN,0.80078125,NaN
1644,1028737,8,0,NaN,1,NaN,0.798828125,NaN
1645,1029146,8,0,NaN,1,NaN,0.80078125,NaN
1646,1029556,8,0,NaN,1,NaN,0.798828125,NaN
1647,1029965,8,0,NaN,1,NaN,0.80078125,NaN
1648,1030375,8,0,NaN,1,NaN,0.80078125,NaN
1649,1030785,8,0,NaN,1,NaN,0.798828125,NaN
1650,1031194,8,0,NaN,1,NaN,0.80078125,NaN
1651,1031604,8,0,NaN,1,NaN,0.798828125,NaN
1652,1032013,8,0,NaN,1,NaN,0.80078125,NaN
1653,1032423,8,0,NaN,1,NaN,0.798828125,NaN
1654,1032832,8,1,NaN,NaN,0,1.12109375,NaN
1655,1033406,8,0,NaN,1,NaN,0.798828125,NaN
1656,1033815,8,0,NaN,1,NaN,0.80078125,NaN
1657,1034225,8,0,NaN,1,NaN,0.80078125,NaN
1658,1034635,8,0,NaN,1,NaN,0.798828125,NaN
1659,1035044,8,0,NaN,1,NaN,0.80078125,NaN
1660,1035454,8,0,NaN,1,NaN,0.798828125,NaN
1661,1035863,8,0,NaN,1,NaN,0.80078125,NaN
1662,1036273,8,0,NaN,1,NaN,0.798828125,NaN
1663,1036682,8,0,NaN,1,NaN,0.80078125,NaN
1664,1037092,8,0,NaN,1,NaN,0.798828125,NaN
1665,1037501,8,0,NaN,1,NaN,0.80078125,NaN
1666,1037911,8,0,NaN,0,NaN,0.80078125,0.859375
1667,1038321,8,1,0.05859375,NaN,0,1.119140625,NaN
1668,1038894,8,0,NaN,1,NaN,0.80078125,NaN
1669,1039304,8,0,NaN,1,NaN,0.798828125,NaN
1670,1039713,8,0,NaN,1,NaN,0.80078125,NaN
1671,1040123,8,0,NaN,1,NaN,0.798828125,NaN
1672,1040532,8,0,NaN,1,NaN,0.80078125,NaN
1673,1040942,8,0,NaN,1,NaN,0.80078125,NaN
1674,1041352,8,0,NaN,1,NaN,0.798828125,NaN
1675,1041761,8,0,NaN,1,NaN,0.798828125,NaN
1676,1042170,8,0,NaN,1,NaN,0.80078125,NaN
1677,1042580,8,1,NaN,NaN,0,1.119140625,NaN
1678,1043153,8,0,NaN,1,NaN,0.80078125,NaN
1679,1043563,8,0,NaN,1,NaN,0.798828125,NaN
1680,1043972,8,0,NaN,1,NaN,0.80078125,NaN
1681,1044382,8,0,NaN,1,NaN,0.80078125,NaN
1682,1044792,8,0,NaN,1,NaN,0.798828125,NaN
1683,1045201,8,0,NaN,1,NaN,0.80078125,NaN
1684,1045611,8,0,NaN,1,NaN,0.798828125,NaN
1685,1046020,8,0,NaN,1,NaN,0.80078125,NaN
1686,1046430,8,0,NaN,1,NaN,0.798828125,NaN
1687,1046839,8,0,NaN,1,NaN,0.80078125,NaN
1688,1047249,8,0,NaN,1,NaN,0.80078125,NaN
1689,1047659,8,1,NaN,NaN,0,1.119140625,NaN
1690,1048232,8,0,NaN,1,NaN,0.798828125,NaN
1691,1048641,8,0,NaN,1,NaN,0.80078125,NaN
1692,1049051,8,0,NaN,1,NaN,0.80078125,NaN
1693,1049461,8,0,NaN,1,NaN,0.798828125,NaN
1694,1049870,8,0,NaN,1,NaN,0.80078125,NaN
1695,1050280,8,0,NaN,1,NaN,0.80078125,NaN
1696,1050690,8,0,NaN,1,NaN,0.798828125,NaN
1697,1051099,8,0,NaN,1,NaN,0.798828125,NaN
1698,1051508,8,0,NaN,1,NaN,0.80078125,NaN
1699,1051918,8,0,NaN,0,NaN,0.80078125,1.107421875
1700,1052328,8,0,0.306640625,1,NaN,0.798828125,NaN
1701,1052737,8,0,NaN,1,NaN,0.80078125,NaN
1702,1053147,8,0,NaN,1,NaN,0.80078125,NaN
1703,1053557,8,0,NaN,1,NaN,0.798828125,NaN
1704,1053966,8,1,NaN,NaN,0,1.119140625,NaN
1705,1054539,8,0,NaN,1,NaN,0.80078125,NaN
1706,1054949,8,0,NaN,1,NaN,0.798828125,NaN
1707,1055358,8,0,NaN,1,NaN,0.80078125,NaN
1708,1055768,8,0,NaN,1,NaN,0.80078125,NaN
1709,1056178,8,0,NaN,1,NaN,0.798828125,NaN
1710,1056587,8,0,NaN,1,NaN,0.80078125,NaN
1711,1056997,8,0,NaN,1,NaN,0.798828125,NaN
1712,1057406,8,0,NaN,1,NaN,0.80078125,NaN
1713,1057816,8,0,NaN,1,NaN,0.798828125,NaN
1714,1058225,8,0,NaN,1,NaN,0.80078125,NaN
1715,1058635,8,0,NaN,1,NaN,0.798828125,NaN
1716,1059044,8,0,NaN,1,NaN,0.80078125,NaN
1717,1059454,8,0,NaN,1,NaN,0.80078125,NaN
1718,1059864,8,1,NaN,NaN,0,1.119140625,NaN
1719,1060437,8,0,NaN,1,NaN,0.80078125,NaN
1720,1060847,8,0,NaN,1,NaN,0.798828125,NaN
1721,1061256,8,0,NaN,1,NaN,0.80078125,NaN
1722,1061666,8,0,NaN,1,NaN,0.798828125,NaN
1723,1062075,8,0,NaN,1,NaN,0.80078125,NaN
1724,1062485,8,0,NaN,1,NaN,0.798828125,NaN
1725,1062894,8,1,NaN,NaN,1,1.12109375,1.35546875
1726,1063468,8,0,0.234375,1,NaN,0.80078125,NaN
1727,1063878,8,0,NaN,1,NaN,0.798828125,NaN
1728,1064287,8,0,NaN,1,NaN,0.798828125,NaN
1729,1064696,8,0,NaN,1,NaN,0.80078125,NaN
1730,1065106,8,0,NaN,1,NaN,0.80078125,NaN
1731,1065516,8,0,NaN,1,NaN,0.798828125,NaN
1732,1065925,8,0,NaN,1,NaN,0.80078125,NaN
1733,1066335,8,0,NaN,1,NaN,0.798828125,NaN
1734,1066744,8,0,NaN,1,NaN,0.80078125,NaN
1735,1067154,8,0,NaN,1,NaN,0.798828125,NaN
1736,1067563,8,1,NaN,NaN,1,1.12109375,1.37109375
1737,1068137,8,0,0.25,1,NaN,0.798828125,NaN
1738,1068546,8,0,NaN,1,NaN,0.80078125,NaN
1739,1068956,8,0,NaN,1,NaN,0.80078125,NaN
1740,1069366,8,0,NaN,1,NaN,0.798828125,NaN
1741,1069775,8,0,NaN,1,NaN,0.80078125,NaN
1742,1070185,8,0,NaN,1,NaN,0.80078125,NaN
1743,1070595,8,0,NaN,1,NaN,0.798828125,NaN
1744,1071004,8,0,NaN,1,NaN,0.798828125,NaN
1745,1071413,8,0,NaN,1,NaN,0.80078125,NaN
1746,1071823,8,0,NaN,1,NaN,0.80078125,NaN
1747,1072233,8,0,NaN,1,NaN,0.798828125,NaN
1748,1072642,8,1,NaN,NaN,0,1.119140625,NaN
1749,1073215,8,0,NaN,1,NaN,0.80078125,NaN
1750,1073625,8,0,NaN,1,NaN,0.80078125,NaN
1751,1074035,8,0,NaN,1,NaN,0.798828125,NaN
1752,1074444,8,0,NaN,0,NaN,0.80078125,1.5703125
1753,1074854,8,0,0.76953125,1,NaN,0.798828125,NaN
1754,1075263,8,0,NaN,1,NaN,0.80078125,NaN
1755,1075673,8,0,NaN,1,NaN,0.798828125,NaN
1756,1076082,8,0,NaN,1,NaN,0.80078125,NaN
1757,1076492,8,1,NaN,NaN,0,1.119140625,NaN
1758,1077065,8,0,NaN,1,NaN,0.80078125,NaN
1759,1077475,8,0,NaN,1,NaN,0.80078125,NaN
1760,1077885,8,0,NaN,1,NaN,0.798828125,NaN
1761,1078294,8,0,NaN,1,NaN,0.80078125,NaN
1762,1078704,8,0,NaN,1,NaN,0.798828125,NaN
1763,1079113,8,0,NaN,1,NaN,0.80078125,NaN
1764,1079523,8,1,NaN,NaN,0,1.119140625,NaN
1765,1080096,8,0,NaN,1,NaN,0.80078125,NaN
1766,1080506,8,0,NaN,1,NaN,0.80078125,NaN
1767,1080916,8,0,NaN,1,NaN,0.798828125,NaN
1768,1081325,8,0,NaN,1,NaN,0.798828125,NaN
1769,1081734,8,0,NaN,1,NaN,0.80078125,NaN
1770,1082144,8,0,NaN,1,NaN,0.80078125,NaN
1771,1082554,8,0,NaN,1,NaN,0.798828125,NaN
1772,1082963,8,0,NaN,1,NaN,0.80078125,NaN
1773,1083373,8,0,NaN,1,NaN,0.798828125,NaN
1774,1083782,8,0,NaN,1,NaN,0.80078125,NaN
1775,1084192,8,1,NaN,NaN,1,1.119140625,1.5703125
1776,1084765,8,0,0.451171875,1,NaN,0.80078125,NaN
1777,1085175,8,0,NaN,1,NaN,0.798828125,NaN
1778,1085584,8,0,NaN,1,NaN,0.80078125,NaN
1779,1085994,8,0,NaN,1,NaN,0.80078125,NaN
1780,1086404,8,0,NaN,1,NaN,0.798828125,NaN
1781,1086813,8,0,NaN,1,NaN,0.80078125,NaN
1782,1087223,8,0,NaN,1,NaN,0.798828125,NaN
1783,1087632,8,0,NaN,1,NaN,0.80078125,NaN
1784,1088042,8,0,NaN,1,NaN,0.80078125,NaN
1785,1088452,8,0,NaN,1,NaN,0.798828125,NaN
1786,1088861,8,1,NaN,NaN,0,1.119140625,NaN
1787,1089434,8,0,NaN,1,NaN,0.80078125,NaN
1788,1089844,8,0,NaN,1,NaN,0.80078125,NaN
1789,1090254,8,0,NaN,1,NaN,0.798828125,NaN
1790,1090663,8,0,NaN,1,NaN,0.80078125,NaN
1791,1091073,8,0,NaN,1,NaN,0.798828125,NaN
1792,1091482,8,0,NaN,1,NaN,0.80078125,NaN
1793,1091892,8,0,NaN,1,NaN,0.798828125,NaN
1794,1092301,8,0,NaN,1,NaN,0.80078125,NaN
1795,1092711,8,0,NaN,1,NaN,0.798828125,NaN
1796,1093120,8,0,NaN,1,NaN,0.80078125,NaN
1797,1093530,8,0,NaN,0,NaN,0.80078125,1.08203125
1798,1093940,8,0,0.28125,1,NaN,0.798828125,NaN
1799,1094349,8,1,NaN,NaN,0,1.119140625,NaN
1800,1094922,8,0,NaN,1,NaN,NaN,NaN
