TrialN,Sample,BlockN,StimType,rawRT,corrNT,corrTG,ITI,RT
1,732,1,0,NaN,1,NaN,0.798828125,NaN
2,1141,1,0,NaN,1,NaN,0.80078125,NaN
3,1551,1,0,NaN,1,NaN,0.798828125,NaN
4,1960,1,0,NaN,1,NaN,0.80078125,NaN
5,2370,1,0,NaN,1,NaN,0.80078125,NaN
6,2780,1,0,NaN,1,NaN,0.798828125,NaN
7,3189,1,0,NaN,1,NaN,0.80078125,NaN
8,3599,1,0,NaN,1,NaN,0.798828125,NaN
9,4008,1,0,NaN,1,NaN,0.798828125,NaN
10,4417,1,0,NaN,1,NaN,0.80078125,NaN
11,4827,1,0,NaN,1,NaN,0.80078125,NaN
12,5237,1,0,NaN,1,NaN,0.798828125,NaN
13,5646,1,0,NaN,1,NaN,0.80078125,NaN
14,6056,1,1,NaN,NaN,1,1.119140625,1.21484375
15,6629,1,0,0.095703125,1,NaN,0.80078125,NaN
16,7039,1,0,NaN,1,NaN,0.80078125,NaN
17,7449,1,0,NaN,1,NaN,0.798828125,NaN
18,7858,1,0,NaN,1,NaN,0.798828125,NaN
19,8267,1,0,NaN,1,NaN,0.80078125,NaN
20,8677,1,0,NaN,1,NaN,0.80078125,NaN
21,9087,1,0,NaN,1,NaN,0.798828125,NaN
22,9496,1,0,NaN,1,NaN,0.80078125,NaN
23,9906,1,0,NaN,1,NaN,0.798828125,NaN
24,10315,1,0,NaN,1,NaN,0.80078125,NaN
25,10725,1,0,NaN,1,NaN,0.798828125,NaN
26,11134,1,0,NaN,1,NaN,0.80078125,NaN
27,11544,1,0,NaN,1,NaN,0.80078125,NaN
28,11954,1,0,NaN,1,NaN,0.798828125,NaN
29,12363,1,1,NaN,NaN,1,1.12109375,1.255859375
30,12937,1,0,0.134765625,1,NaN,0.798828125,NaN
31,13346,1,0,NaN,1,NaN,0.80078125,NaN
32,13756,1,0,NaN,1,NaN,0.798828125,NaN
33,14165,1,0,NaN,1,NaN,0.80078125,NaN
34,14575,1,0,NaN,1,NaN,0.798828125,NaN
35,14984,1,0,NaN,1,NaN,0.80078125,NaN
36,15394,1,0,NaN,1,NaN,0.80078125,NaN
37,15804,1,0,NaN,1,NaN,0.798828125,NaN
38,16213,1,0,NaN,1,NaN,0.80078125,NaN
39,16623,1,0,NaN,1,NaN,0.798828125,NaN
40,17032,1,0,NaN,1,NaN,0.80078125,NaN
41,17442,1,0,NaN,1,NaN,0.80078125,NaN
42,17852,1,0,NaN,1,NaN,0.798828125,NaN
43,18261,1,1,NaN,NaN,1,1.119140625,1.52734375
44,18834,1,0,0.408203125,1,NaN,0.80078125,NaN
45,19244,1,0,NaN,1,NaN,0.798828125,NaN
46,19653,1,0,NaN,1,NaN,0.80078125,NaN
47,20063,1,0,NaN,1,NaN,0.80078125,NaN
48,20473,1,0,NaN,1,NaN,0.798828125,NaN
49,20882,1,0,NaN,1,NaN,0.80078125,NaN
50,21292,1,0,NaN,1,NaN,0.798828125,NaN
51,21701,1,0,NaN,1,NaN,0.80078125,NaN
52,22111,1,1,NaN,NaN,1,1.119140625,1.3671875
53,22684,1,0,0.248046875,1,NaN,0.80078125,NaN
54,23094,1,0,NaN,1,NaN,0.80078125,NaN
55,23504,1,0,NaN,1,NaN,0.798828125,NaN
56,23913,1,0,NaN,1,NaN,0.798828125,NaN
57,24322,1,0,NaN,1,NaN,0.80078125,NaN
58,24732,1,0,NaN,1,NaN,0.80078125,NaN
59,25142,1,0,NaN,1,NaN,0.798828125,NaN
60,25551,1,0,NaN,1,NaN,0.80078125,NaN
61,25961,1,0,NaN,1,NaN,0.798828125,NaN
62,26370,1,0,NaN,1,NaN,0.80078125,NaN
63,26780,1,0,NaN,1,NaN,0.798828125,NaN
64,27189,1,0,NaN,1,NaN,0.80078125,NaN
65,27599,1,0,NaN,1,NaN,0.80078125,NaN
66,28009,1,1,NaN,NaN,1,1.119140625,1.53515625
67,28582,1,0,0.416015625,1,NaN,0.798828125,NaN
68,28991,1,0,NaN,1,NaN,0.80078125,NaN
69,29401,1,0,NaN,1,NaN,0.80078125,NaN
70,29811,1,0,NaN,1,NaN,0.798828125,NaN
71,30220,1,0,NaN,1,NaN,0.80078125,NaN
72,30630,1,0,NaN,1,NaN,0.80078125,NaN
73,31040,1,1,NaN,NaN,1,1.119140625,1.4453125
74,31613,1,0,0.326171875,1,NaN,0.798828125,NaN
75,32022,1,0,NaN,1,NaN,0.80078125,NaN
76,32432,1,0,NaN,1,NaN,0.80078125,NaN
77,32842,1,0,NaN,1,NaN,0.798828125,NaN
78,33251,1,0,NaN,1,NaN,0.80078125,NaN
79,33661,1,0,NaN,1,NaN,0.798828125,NaN
80,34070,1,0,NaN,1,NaN,0.80078125,NaN
81,34480,1,0,NaN,1,NaN,0.798828125,NaN
82,34889,1,0,NaN,1,NaN,0.80078125,NaN
83,35299,1,1,NaN,NaN,1,1.119140625,1.17578125
84,35872,1,0,0.056640625,1,NaN,0.80078125,NaN
85,36282,1,0,NaN,1,NaN,0.798828125,NaN
86,36691,1,0,NaN,1,NaN,0.80078125,NaN
87,37101,1,0,NaN,0,NaN,0.80078125,1
88,37511,1,0,0.19921875,1,NaN,0.798828125,NaN
89,37920,1,0,NaN,1,NaN,0.80078125,NaN
90,38330,1,0,NaN,1,NaN,0.798828125,NaN
91,38739,1,0,NaN,1,NaN,0.80078125,NaN
92,39149,1,0,NaN,1,NaN,0.798828125,NaN
93,39558,1,0,NaN,1,NaN,0.80078125,NaN
94,39968,1,0,NaN,1,NaN,0.798828125,NaN
95,40377,1,0,NaN,1,NaN,0.80078125,NaN
96,40787,1,1,NaN,NaN,1,1.119140625,1.232421875
97,41360,1,0,0.11328125,1,NaN,0.80078125,NaN
98,41770,1,0,NaN,1,NaN,0.80078125,NaN
99,42180,1,0,NaN,1,NaN,0.798828125,NaN
100,42589,1,0,NaN,1,NaN,0.80078125,NaN
101,42999,1,0,NaN,1,NaN,0.798828125,NaN
102,43408,1,0,NaN,1,NaN,0.80078125,NaN
103,43818,1,0,NaN,1,NaN,0.80078125,NaN
104,44228,1,0,NaN,1,NaN,0.798828125,NaN
105,44637,1,0,NaN,0,NaN,0.80078125,1.591796875
106,45047,1,0,0.791015625,1,NaN,0.798828125,NaN
107,45456,1,1,NaN,NaN,0,1.119140625,NaN
108,46029,1,0,NaN,1,NaN,0.80078125,NaN
109,46439,1,0,NaN,1,NaN,0.80078125,NaN
110,46849,1,0,NaN,0,NaN,0.798828125,1.0234375
111,47258,1,0,0.224609375,1,NaN,0.80078125,NaN
112,47668,1,0,NaN,1,NaN,0.798828125,NaN
113,48077,1,0,NaN,1,NaN,0.80078125,NaN
114,48487,1,0,NaN,1,NaN,0.798828125,NaN
115,48896,1,0,NaN,1,NaN,0.80078125,NaN
116,49306,1,0,NaN,1,NaN,0.80078125,NaN
117,49716,1,0,NaN,1,NaN,0.798828125,NaN
118,50125,1,0,NaN,1,NaN,0.80078125,NaN
119,50535,1,0,NaN,1,NaN,0.80078125,NaN
120,50945,1,1,NaN,NaN,1,1.119140625,1.341796875
121,51518,1,0,0.22265625,1,NaN,0.80078125,NaN
122,51928,1,0,NaN,1,NaN,0.798828125,NaN
123,52337,1,0,NaN,1,NaN,0.80078125,NaN
124,52747,1,0,NaN,1,NaN,0.798828125,NaN
125,53156,1,0,NaN,1,NaN,0.798828125,NaN
126,53565,1,0,NaN,1,NaN,0.80078125,NaN
127,53975,1,0,NaN,1,NaN,0.80078125,NaN
128,54385,1,0,NaN,0,NaN,0.798828125,1.20703125
129,54794,1,0,0.408203125,1,NaN,0.80078125,NaN
130,55204,1,0,NaN,1,NaN,0.798828125,NaN
131,55613,1,0,NaN,1,NaN,0.80078125,NaN
132,56023,1,0,NaN,1,NaN,0.798828125,NaN
133,56432,1,0,NaN,1,NaN,0.80078125,NaN
134,56842,1,1,NaN,NaN,0,1.119140625,NaN
135,57415,1,0,NaN,1,NaN,0.80078125,NaN
136,57825,1,0,NaN,1,NaN,0.80078125,NaN
137,58235,1,0,NaN,1,NaN,0.798828125,NaN
138,58644,1,0,NaN,1,NaN,0.80078125,NaN
139,59054,1,0,NaN,1,NaN,0.80078125,NaN
140,59464,1,0,NaN,1,NaN,0.798828125,NaN
141,59873,1,0,NaN,1,NaN,0.80078125,NaN
142,60283,1,1,NaN,NaN,1,1.119140625,1.326171875
143,60856,1,0,0.20703125,1,NaN,0.80078125,NaN
144,61266,1,0,NaN,1,NaN,0.798828125,NaN
145,61675,1,0,NaN,1,NaN,0.798828125,NaN
146,62084,1,0,NaN,1,NaN,0.80078125,NaN
147,62494,1,0,NaN,1,NaN,0.80078125,NaN
148,62904,1,0,NaN,1,NaN,0.798828125,NaN
149,63313,1,0,NaN,1,NaN,0.80078125,NaN
150,63723,1,0,NaN,1,NaN,0.80078125,NaN
151,64133,1,0,NaN,1,NaN,0.798828125,NaN
152,64542,1,0,NaN,1,NaN,0.798828125,NaN
153,64951,1,1,NaN,NaN,1,1.12109375,1.240234375
154,65525,1,0,0.119140625,1,NaN,0.798828125,NaN
155,65934,1,0,NaN,1,NaN,0.80078125,NaN
156,66344,1,0,NaN,1,NaN,0.80078125,NaN
157,66754,1,0,NaN,1,NaN,0.798828125,NaN
158,67163,1,0,NaN,1,NaN,0.80078125,NaN
159,67573,1,0,NaN,1,NaN,0.80078125,NaN
160,67983,1,1,NaN,NaN,1,1.119140625,1.310546875
161,68556,1,0,0.19140625,1,NaN,0.798828125,NaN
162,68965,1,0,NaN,1,NaN,0.80078125,NaN
163,69375,1,0,NaN,1,NaN,0.798828125,NaN
164,69784,1,0,NaN,1,NaN,0.80078125,NaN
165,70194,1,0,NaN,1,NaN,0.798828125,NaN
166,70603,1,0,NaN,1,NaN,0.80078125,NaN
167,71013,1,0,NaN,1,NaN,0.80078125,NaN
168,71423,1,0,NaN,1,NaN,0.798828125,NaN
169,71832,1,1,NaN,NaN,1,1.12109375,1.14453125
170,72406,1,0,0.0234375,1,NaN,0.798828125,NaN
171,72815,1,0,NaN,1,NaN,0.80078125,NaN
172,73225,1,0,NaN,1,NaN,0.80078125,NaN
173,73635,1,0,NaN,1,NaN,0.798828125,NaN
174,74044,1,0,NaN,1,NaN,0.80078125,NaN
175,74454,1,0,NaN,1,NaN,0.798828125,NaN
176,74863,1,0,NaN,1,NaN,0.80078125,NaN
177,75273,1,0,NaN,1,NaN,0.798828125,NaN
178,75682,1,1,NaN,NaN,1,1.119140625,1.279296875
179,76255,1,0,0.16015625,1,NaN,0.80078125,NaN
180,76665,1,0,NaN,1,NaN,0.80078125,NaN
181,77075,1,0,NaN,1,NaN,0.798828125,NaN
182,77484,1,0,NaN,1,NaN,0.80078125,NaN
183,77894,1,0,NaN,1,NaN,0.798828125,NaN
184,78303,1,0,NaN,1,NaN,0.80078125,NaN
185,78713,1,0,NaN,1,NaN,0.798828125,NaN
186,79122,1,0,NaN,1,NaN,0.80078125,NaN
187,79532,1,0,NaN,1,NaN,0.80078125,NaN
188,79942,1,0,NaN,1,NaN,0.798828125,NaN
189,80351,1,0,NaN,1,NaN,0.80078125,NaN
190,80761,1,1,NaN,NaN,1,1.119140625,1.287109375
191,81334,1,0,0.16796875,1,NaN,0.80078125,NaN
192,81744,1,0,NaN,1,NaN,0.798828125,NaN
193,82153,1,0,NaN,1,NaN,0.80078125,NaN
194,82563,1,0,NaN,1,NaN,0.798828125,NaN
195,82972,1,0,NaN,1,NaN,0.80078125,NaN
196,83382,1,0,NaN,1,NaN,0.80078125,NaN
197,83792,1,0,NaN,1,NaN,0.798828125,NaN
198,84201,1,0,NaN,1,NaN,0.80078125,NaN
199,84611,1,0,NaN,1,NaN,0.798828125,NaN
200,85020,1,0,NaN,1,NaN,0.80078125,NaN
201,85430,1,0,NaN,1,NaN,0.798828125,NaN
202,85839,1,0,NaN,0,NaN,0.80078125,0.85546875
203,86249,1,1,0.0546875,NaN,0,1.12109375,NaN
204,86823,1,0,NaN,1,NaN,0.798828125,NaN
205,87232,1,0,NaN,1,NaN,0.80078125,NaN
206,87642,1,0,NaN,0,NaN,0.798828125,0.806640625
207,88051,1,0,0.0078125,1,NaN,0.80078125,NaN
208,88461,1,0,NaN,1,NaN,0.798828125,NaN
209,88870,1,0,NaN,1,NaN,0.80078125,NaN
210,89280,1,0,NaN,1,NaN,0.80078125,NaN
211,89690,1,0,NaN,1,NaN,0.798828125,NaN
212,90099,1,0,NaN,1,NaN,0.798828125,NaN
213,90508,1,0,NaN,1,NaN,0.80078125,NaN
214,90918,1,0,NaN,1,NaN,0.80078125,NaN
215,91328,1,0,NaN,1,NaN,0.798828125,NaN
216,91737,1,0,NaN,1,NaN,0.80078125,NaN
217,92147,1,1,0.951171875,NaN,1,1.119140625,0.951171875
218,92720,1,0,NaN,1,NaN,0.80078125,NaN
219,93130,1,0,NaN,1,NaN,0.798828125,NaN
220,93539,1,0,NaN,1,NaN,0.80078125,NaN
221,93949,1,0,NaN,1,NaN,0.80078125,NaN
222,94359,1,0,NaN,1,NaN,0.798828125,NaN
223,94768,1,0,NaN,1,NaN,0.798828125,NaN
224,95177,1,0,NaN,1,NaN,47.498046875,NaN
225,119496,2,0,NaN,1,NaN,0.798828125,NaN
226,119905,2,0,NaN,1,NaN,0.80078125,NaN
227,120315,2,0,NaN,1,NaN,0.80078125,NaN
228,120725,2,0,NaN,1,NaN,0.798828125,NaN
229,121134,2,0,NaN,1,NaN,0.80078125,NaN
230,121544,2,0,NaN,1,NaN,0.80078125,NaN
231,121954,2,0,NaN,1,NaN,0.798828125,NaN
232,122363,2,0,NaN,1,NaN,0.80078125,NaN
233,122773,2,0,NaN,1,NaN,0.798828125,NaN
234,123182,2,0,NaN,1,NaN,0.80078125,NaN
235,123592,2,0,NaN,1,NaN,0.798828125,NaN
236,124001,2,0,NaN,1,NaN,0.80078125,NaN
237,124411,2,1,NaN,NaN,1,1.119140625,1.314453125
238,124984,2,0,0.1953125,1,NaN,0.80078125,NaN
239,125394,2,0,NaN,1,NaN,0.798828125,NaN
240,125803,2,0,NaN,1,NaN,0.80078125,NaN
241,126213,2,0,NaN,1,NaN,0.80078125,NaN
242,126623,2,0,NaN,1,NaN,0.798828125,NaN
243,127032,2,0,NaN,1,NaN,0.798828125,NaN
244,127441,2,0,NaN,1,NaN,0.80078125,NaN
245,127851,2,0,NaN,1,NaN,0.80078125,NaN
246,128261,2,0,NaN,1,NaN,0.798828125,NaN
247,128670,2,0,NaN,1,NaN,0.80078125,NaN
248,129080,2,0,NaN,1,NaN,0.798828125,NaN
249,129489,2,1,1.04296875,NaN,1,1.12109375,1.04296875
250,130063,2,0,NaN,1,NaN,0.80078125,NaN
251,130473,2,0,NaN,1,NaN,0.798828125,NaN
252,130882,2,0,NaN,1,NaN,0.798828125,NaN
253,131291,2,0,NaN,1,NaN,0.80078125,NaN
254,131701,2,0,NaN,1,NaN,0.80078125,NaN
255,132111,2,0,NaN,1,NaN,0.798828125,NaN
256,132520,2,0,NaN,1,NaN,0.80078125,NaN
257,132930,2,0,NaN,1,NaN,0.798828125,NaN
258,133339,2,0,NaN,1,NaN,0.80078125,NaN
259,133749,2,0,NaN,1,NaN,0.798828125,NaN
260,134158,2,0,NaN,1,NaN,0.80078125,NaN
261,134568,2,0,NaN,1,NaN,0.80078125,NaN
262,134978,2,0,NaN,1,NaN,0.798828125,NaN
263,135387,2,0,NaN,1,NaN,0.80078125,NaN
264,135797,2,1,NaN,NaN,1,1.119140625,1.369140625
265,136370,2,0,0.25,1,NaN,0.80078125,NaN
266,136780,2,0,NaN,1,NaN,0.798828125,NaN
267,137189,2,0,NaN,1,NaN,0.80078125,NaN
268,137599,2,0,NaN,1,NaN,0.80078125,NaN
269,138009,2,0,NaN,1,NaN,0.798828125,NaN
270,138418,2,0,NaN,1,NaN,0.80078125,NaN
271,138828,2,1,NaN,NaN,1,1.119140625,1.369140625
272,139401,2,0,0.25,1,NaN,0.798828125,NaN
273,139810,2,0,NaN,1,NaN,0.80078125,NaN
274,140220,2,0,NaN,1,NaN,0.80078125,NaN
275,140630,2,0,NaN,1,NaN,0.798828125,NaN
276,141039,2,0,NaN,1,NaN,0.80078125,NaN
277,141449,2,0,NaN,1,NaN,0.798828125,NaN
278,141858,2,0,NaN,1,NaN,0.80078125,NaN
279,142268,2,0,NaN,1,NaN,0.798828125,NaN
280,142677,2,0,NaN,1,NaN,0.80078125,NaN
281,143087,2,1,NaN,NaN,1,1.12109375,1.5625
282,143661,2,0,0.44140625,1,NaN,0.798828125,NaN
283,144070,2,0,NaN,1,NaN,0.798828125,NaN
284,144479,2,0,NaN,1,NaN,0.80078125,NaN
285,144889,2,0,NaN,1,NaN,0.80078125,NaN
286,145299,2,0,NaN,1,NaN,0.798828125,NaN
287,145708,2,0,NaN,1,NaN,0.80078125,NaN
288,146118,2,1,NaN,NaN,1,1.119140625,1.5859375
289,146691,2,0,0.466796875,1,NaN,0.80078125,NaN
290,147101,2,0,NaN,1,NaN,0.798828125,NaN
291,147510,2,0,NaN,1,NaN,0.80078125,NaN
292,147920,2,0,NaN,1,NaN,0.798828125,NaN
293,148329,2,0,NaN,1,NaN,0.80078125,NaN
294,148739,2,0,NaN,1,NaN,0.80078125,NaN
295,149149,2,0,NaN,1,NaN,0.798828125,NaN
296,149558,2,0,NaN,1,NaN,0.80078125,NaN
297,149968,2,0,NaN,1,NaN,0.798828125,NaN
298,150377,2,0,NaN,1,NaN,0.80078125,NaN
299,150787,2,0,NaN,1,NaN,0.80078125,NaN
300,151197,2,1,NaN,NaN,1,1.119140625,1.47265625
301,151770,2,0,0.353515625,1,NaN,0.798828125,NaN
302,152179,2,0,NaN,1,NaN,0.80078125,NaN
303,152589,2,0,NaN,1,NaN,0.80078125,NaN
304,152999,2,0,NaN,1,NaN,0.798828125,NaN
305,153408,2,0,NaN,0,NaN,0.80078125,1.59375
306,153818,2,0,0.79296875,1,NaN,1.599609375,NaN
307,154637,2,0,NaN,1,NaN,0.80078125,NaN
308,155047,2,1,NaN,NaN,0,1.119140625,NaN
309,155620,2,0,NaN,1,NaN,0.798828125,NaN
310,156029,2,0,NaN,1,NaN,0.80078125,NaN
311,156439,2,0,NaN,1,NaN,0.798828125,NaN
312,156848,2,0,NaN,1,NaN,0.80078125,NaN
313,157258,2,0,NaN,1,NaN,0.798828125,NaN
314,157667,2,0,NaN,1,NaN,0.80078125,NaN
315,158077,2,0,NaN,1,NaN,0.80078125,NaN
316,158487,2,0,NaN,1,NaN,0.798828125,NaN
317,158896,2,1,NaN,NaN,0,1.12109375,NaN
318,159470,2,0,NaN,1,NaN,0.798828125,NaN
319,159879,2,0,NaN,1,NaN,0.80078125,NaN
320,160289,2,0,NaN,1,NaN,0.80078125,NaN
321,160699,2,0,NaN,1,NaN,0.798828125,NaN
322,161108,2,0,NaN,1,NaN,0.798828125,NaN
323,161517,2,0,NaN,1,NaN,0.80078125,NaN
324,161927,2,0,NaN,1,NaN,0.80078125,NaN
325,162337,2,0,NaN,1,NaN,0.798828125,NaN
326,162746,2,0,NaN,1,NaN,0.80078125,NaN
327,163156,2,0,NaN,1,NaN,0.798828125,NaN
328,163565,2,0,NaN,1,NaN,0.80078125,NaN
329,163975,2,0,NaN,1,NaN,0.798828125,NaN
330,164384,2,0,NaN,1,NaN,0.80078125,NaN
331,164794,2,1,NaN,NaN,1,1.12109375,1.169921875
332,165368,2,0,0.048828125,1,NaN,0.798828125,NaN
333,165777,2,0,NaN,1,NaN,0.80078125,NaN
334,166187,2,0,NaN,1,NaN,0.798828125,NaN
335,166596,2,0,NaN,0,NaN,0.80078125,1.490234375
336,167006,2,0,0.689453125,1,NaN,0.798828125,NaN
337,167415,2,0,NaN,1,NaN,0.80078125,NaN
338,167825,2,0,NaN,1,NaN,0.798828125,NaN
339,168234,2,1,NaN,NaN,1,1.12109375,1.244140625
340,168808,2,0,0.123046875,1,NaN,0.798828125,NaN
341,169217,2,0,NaN,1,NaN,0.80078125,NaN
342,169627,2,0,NaN,1,NaN,0.80078125,NaN
343,170037,2,0,NaN,1,NaN,0.798828125,NaN
344,170446,2,0,NaN,1,NaN,0.80078125,NaN
345,170856,2,0,NaN,1,NaN,0.798828125,NaN
346,171265,2,0,NaN,1,NaN,0.80078125,NaN
347,171675,2,1,NaN,NaN,1,1.119140625,1.37890625
348,172248,2,0,0.259765625,1,NaN,0.80078125,NaN
349,172658,2,0,NaN,1,NaN,0.798828125,NaN
350,173067,2,0,NaN,1,NaN,0.80078125,NaN
351,173477,2,0,NaN,1,NaN,0.80078125,NaN
352,173887,2,0,NaN,1,NaN,0.798828125,NaN
353,174296,2,0,NaN,1,NaN,0.798828125,NaN
354,174705,2,0,NaN,0,NaN,0.80078125,1.515625
355,175115,2,0,0.71484375,1,NaN,0.80078125,NaN
356,175525,2,0,NaN,1,NaN,0.798828125,NaN
357,175934,2,0,NaN,1,NaN,0.80078125,NaN
358,176344,2,0,NaN,1,NaN,0.798828125,NaN
359,176753,2,0,NaN,1,NaN,0.80078125,NaN
360,177163,2,0,NaN,1,NaN,0.798828125,NaN
361,177572,2,1,NaN,NaN,0,1.12109375,NaN
362,178146,2,0,NaN,1,NaN,0.798828125,NaN
363,178555,2,0,NaN,1,NaN,0.80078125,NaN
364,178965,2,0,NaN,1,NaN,0.798828125,NaN
365,179374,2,0,NaN,1,NaN,0.80078125,NaN
366,179784,2,0,NaN,1,NaN,0.80078125,NaN
367,180194,2,0,NaN,1,NaN,0.798828125,NaN
368,180603,2,0,NaN,0,NaN,0.80078125,0.8828125
369,181013,2,0,0.08203125,1,NaN,0.798828125,NaN
370,181422,2,0,NaN,1,NaN,0.80078125,NaN
371,181832,2,0,NaN,1,NaN,0.798828125,NaN
372,182241,2,1,NaN,NaN,1,1.12109375,1.283203125
373,182815,2,0,0.162109375,1,NaN,0.798828125,NaN
374,183224,2,0,NaN,1,NaN,0.80078125,NaN
375,183634,2,0,NaN,1,NaN,0.80078125,NaN
376,184044,2,0,NaN,1,NaN,0.798828125,NaN
377,184453,2,0,NaN,1,NaN,0.80078125,NaN
378,184863,2,0,NaN,1,NaN,0.80078125,NaN
379,185273,2,0,NaN,1,NaN,0.798828125,NaN
380,185682,2,0,NaN,1,NaN,0.80078125,NaN
381,186092,2,1,NaN,NaN,1,1.119140625,1.6015625
382,186665,2,0,0.482421875,1,NaN,0.798828125,NaN
383,187074,2,0,NaN,1,NaN,0.80078125,NaN
384,187484,2,0,NaN,1,NaN,0.80078125,NaN
385,187894,2,0,NaN,1,NaN,0.798828125,NaN
386,188303,2,0,NaN,1,NaN,0.80078125,NaN
387,188713,2,0,NaN,1,NaN,0.798828125,NaN
388,189122,2,0,NaN,1,NaN,0.80078125,NaN
389,189532,2,1,1.05078125,NaN,1,1.119140625,1.05078125
390,190105,2,0,NaN,1,NaN,0.80078125,NaN
391,190515,2,0,NaN,1,NaN,0.80078125,NaN
392,190925,2,0,NaN,1,NaN,0.798828125,NaN
393,191334,2,0,NaN,1,NaN,0.80078125,NaN
394,191744,2,0,NaN,1,NaN,0.798828125,NaN
395,192153,2,0,NaN,0,NaN,0.80078125,0.9140625
396,192563,2,0,0.11328125,1,NaN,0.798828125,NaN
397,192972,2,0,NaN,1,NaN,0.80078125,NaN
398,193382,2,0,NaN,1,NaN,0.80078125,NaN
399,193792,2,0,NaN,1,NaN,0.798828125,NaN
400,194201,2,0,NaN,1,NaN,0.80078125,NaN
401,194611,2,0,NaN,0,NaN,0.798828125,0.841796875
402,195020,2,0,0.04296875,1,NaN,0.80078125,NaN
403,195430,2,0,NaN,1,NaN,0.798828125,NaN
404,195839,2,1,NaN,NaN,0,1.12109375,NaN
405,196413,2,0,NaN,1,NaN,0.798828125,NaN
406,196822,2,0,NaN,1,NaN,0.80078125,NaN
407,197232,2,0,NaN,0,NaN,0.798828125,0.9453125
408,197641,2,0,0.146484375,1,NaN,0.80078125,NaN
409,198051,2,0,NaN,1,NaN,0.80078125,NaN
410,198461,2,0,NaN,1,NaN,0.798828125,NaN
411,198870,2,0,NaN,1,NaN,0.80078125,NaN
412,199280,2,0,NaN,1,NaN,0.798828125,NaN
413,199689,2,0,NaN,1,NaN,0.80078125,NaN
414,200099,2,0,NaN,1,NaN,0.798828125,NaN
415,200508,2,0,NaN,1,NaN,0.80078125,NaN
416,200918,2,0,NaN,1,NaN,0.798828125,NaN
417,201327,2,0,NaN,1,NaN,0.80078125,NaN
418,201737,2,1,NaN,NaN,0,1.12109375,NaN
419,202311,2,0,NaN,1,NaN,0.798828125,NaN
420,202720,2,0,NaN,1,NaN,0.80078125,NaN
421,203130,2,0,NaN,1,NaN,0.798828125,NaN
422,203539,2,0,NaN,1,NaN,0.80078125,NaN
423,203949,2,0,NaN,1,NaN,0.798828125,NaN
424,204358,2,0,NaN,0,NaN,0.80078125,1.115234375
425,204768,2,0,0.314453125,1,NaN,0.798828125,NaN
426,205177,2,0,NaN,1,NaN,0.80078125,NaN
427,205587,2,0,NaN,1,NaN,0.798828125,NaN
428,205996,2,0,NaN,1,NaN,0.80078125,NaN
429,206406,2,0,NaN,1,NaN,0.798828125,NaN
430,206815,2,1,NaN,NaN,0,1.12109375,NaN
431,207389,2,0,NaN,1,NaN,0.80078125,NaN
432,207799,2,0,NaN,1,NaN,0.798828125,NaN
433,208208,2,0,NaN,1,NaN,0.80078125,NaN
434,208618,2,0,NaN,1,NaN,0.798828125,NaN
435,209027,2,0,NaN,0,NaN,0.80078125,1.5703125
436,209437,2,0,0.76953125,1,NaN,0.80078125,NaN
437,209847,2,0,NaN,1,NaN,0.798828125,NaN
438,210256,2,1,NaN,NaN,0,1.119140625,NaN
439,210829,2,0,NaN,1,NaN,0.80078125,NaN
440,211239,2,0,NaN,1,NaN,0.80078125,NaN
441,211649,2,0,NaN,1,NaN,0.798828125,NaN
442,212058,2,0,NaN,1,NaN,0.798828125,NaN
443,212467,2,0,NaN,1,NaN,0.80078125,NaN
444,212877,2,0,NaN,1,NaN,0.80078125,NaN
445,213287,2,0,NaN,1,NaN,0.798828125,NaN
446,213696,2,0,NaN,1,NaN,0.80078125,NaN
447,214106,2,0,NaN,1,NaN,0.80078125,NaN
448,214516,2,0,NaN,1,NaN,39.017578125,NaN
449,234493,3,0,NaN,1,NaN,0.798828125,NaN
450,234902,3,0,NaN,1,NaN,0.80078125,NaN
451,235312,3,0,NaN,1,NaN,0.798828125,NaN
452,235721,3,0,NaN,1,NaN,0.798828125,NaN
453,236130,3,0,NaN,1,NaN,0.80078125,NaN
454,236540,3,0,NaN,1,NaN,0.80078125,NaN
455,236950,3,0,NaN,1,NaN,0.798828125,NaN
456,237359,3,0,NaN,1,NaN,0.80078125,NaN
457,237769,3,1,NaN,NaN,0,1.119140625,NaN
458,238342,3,0,NaN,1,NaN,0.80078125,NaN
459,238752,3,0,NaN,1,NaN,0.80078125,NaN
460,239162,3,0,NaN,1,NaN,0.798828125,NaN
461,239571,3,0,NaN,1,NaN,0.80078125,NaN
462,239981,3,0,NaN,1,NaN,0.798828125,NaN
463,240390,3,0,NaN,1,NaN,0.80078125,NaN
464,240800,3,0,NaN,1,NaN,0.798828125,NaN
465,241209,3,0,NaN,1,NaN,0.80078125,NaN
466,241619,3,0,NaN,1,NaN,0.798828125,NaN
467,242028,3,0,NaN,1,NaN,0.80078125,NaN
468,242438,3,0,NaN,1,NaN,0.798828125,NaN
469,242847,3,0,NaN,1,NaN,0.80078125,NaN
470,243257,3,1,NaN,NaN,1,1.12109375,1.23828125
471,243831,3,0,0.1171875,1,NaN,0.798828125,NaN
472,244240,3,0,NaN,1,NaN,0.80078125,NaN
473,244650,3,0,NaN,1,NaN,0.798828125,NaN
474,245059,3,0,NaN,1,NaN,0.80078125,NaN
475,245469,3,0,NaN,1,NaN,0.798828125,NaN
476,245878,3,0,NaN,1,NaN,0.80078125,NaN
477,246288,3,0,NaN,1,NaN,0.798828125,NaN
478,246697,3,0,NaN,1,NaN,0.80078125,NaN
479,247107,3,0,NaN,1,NaN,0.80078125,NaN
480,247517,3,0,NaN,1,NaN,0.798828125,NaN
481,247926,3,0,NaN,1,NaN,0.80078125,NaN
482,248336,3,0,NaN,1,NaN,0.798828125,NaN
483,248745,3,0,NaN,1,NaN,0.80078125,NaN
484,249155,3,0,NaN,0,NaN,0.798828125,1.58984375
485,249564,3,1,0.791015625,NaN,0,1.12109375,NaN
486,250138,3,0,NaN,1,NaN,0.798828125,NaN
487,250547,3,0,NaN,1,NaN,0.80078125,NaN
488,250957,3,0,NaN,1,NaN,0.798828125,NaN
489,251366,3,0,NaN,0,NaN,0.80078125,1.55078125
490,251776,3,0,0.75,1,NaN,0.798828125,NaN
491,252185,3,0,NaN,1,NaN,0.80078125,NaN
492,252595,3,0,NaN,1,NaN,0.80078125,NaN
493,253005,3,0,NaN,1,NaN,0.798828125,NaN
494,253414,3,0,NaN,1,NaN,0.80078125,NaN
495,253824,3,0,NaN,1,NaN,0.798828125,NaN
496,254233,3,0,NaN,1,NaN,0.80078125,NaN
497,254643,3,1,NaN,NaN,1,1.119140625,1.26171875
498,255216,3,0,0.142578125,1,NaN,0.80078125,NaN
499,255626,3,0,NaN,1,NaN,0.798828125,NaN
500,256035,3,0,NaN,1,NaN,0.80078125,NaN
501,256445,3,0,NaN,1,NaN,0.80078125,NaN
502,256855,3,0,NaN,1,NaN,0.798828125,NaN
503,257264,3,0,NaN,0,NaN,0.80078125,0.92578125
504,257674,3,0,0.125,1,NaN,0.798828125,NaN
505,258083,3,0,NaN,1,NaN,0.80078125,NaN
506,258493,3,0,NaN,1,NaN,0.80078125,NaN
507,258903,3,0,NaN,1,NaN,0.798828125,NaN
508,259312,3,0,NaN,1,NaN,0.80078125,NaN
509,259722,3,1,NaN,NaN,0,1.119140625,NaN
510,260295,3,0,NaN,1,NaN,0.798828125,NaN
511,260704,3,0,NaN,1,NaN,0.80078125,NaN
512,261114,3,0,NaN,1,NaN,0.80078125,NaN
513,261524,3,0,NaN,1,NaN,0.798828125,NaN
514,261933,3,0,NaN,1,NaN,0.80078125,NaN
515,262343,3,0,NaN,1,NaN,0.798828125,NaN
516,262752,3,0,NaN,1,NaN,0.80078125,NaN
517,263162,3,0,NaN,1,NaN,0.798828125,NaN
518,263571,3,0,NaN,1,NaN,0.80078125,NaN
519,263981,3,0,NaN,1,NaN,0.80078125,NaN
520,264391,3,0,NaN,1,NaN,0.798828125,NaN
521,264800,3,0,NaN,1,NaN,0.80078125,NaN
522,265210,3,1,NaN,NaN,0,1.119140625,NaN
523,265783,3,0,NaN,1,NaN,0.80078125,NaN
524,266193,3,0,NaN,1,NaN,0.80078125,NaN
525,266603,3,0,NaN,1,NaN,0.798828125,NaN
526,267012,3,0,NaN,1,NaN,0.798828125,NaN
527,267421,3,0,NaN,1,NaN,0.80078125,NaN
528,267831,3,0,NaN,1,NaN,0.80078125,NaN
529,268241,3,0,NaN,1,NaN,0.798828125,NaN
530,268650,3,0,NaN,1,NaN,0.80078125,NaN
531,269060,3,0,NaN,1,NaN,0.798828125,NaN
532,269469,3,0,NaN,1,NaN,0.80078125,NaN
533,269879,3,1,NaN,NaN,1,1.119140625,2.23828125
534,270452,3,0,NaN,1,NaN,0.80078125,NaN
535,270862,3,0,0.318359375,1,NaN,0.80078125,NaN
536,271272,3,0,NaN,1,NaN,0.798828125,NaN
537,271681,3,0,NaN,1,NaN,0.798828125,NaN
538,272090,3,0,NaN,1,NaN,0.80078125,NaN
539,272500,3,0,NaN,1,NaN,0.80078125,NaN
540,272910,3,0,NaN,1,NaN,0.798828125,NaN
541,273319,3,0,NaN,1,NaN,0.80078125,NaN
542,273729,3,0,NaN,1,NaN,0.798828125,NaN
543,274138,3,1,NaN,NaN,1,1.12109375,1.58203125
544,274712,3,0,0.4609375,1,NaN,0.80078125,NaN
545,275122,3,0,NaN,1,NaN,0.798828125,NaN
546,275531,3,0,NaN,1,NaN,0.798828125,NaN
547,275940,3,0,NaN,1,NaN,0.80078125,NaN
548,276350,3,0,NaN,1,NaN,0.798828125,NaN
549,276759,3,0,NaN,1,NaN,0.80078125,NaN
550,277169,3,0,NaN,1,NaN,0.80078125,NaN
551,277579,3,0,NaN,1,NaN,0.798828125,NaN
552,277988,3,0,NaN,1,NaN,0.80078125,NaN
553,278398,3,0,NaN,1,NaN,0.80078125,NaN
554,278808,3,0,NaN,1,NaN,0.798828125,NaN
555,279217,3,0,NaN,1,NaN,0.80078125,NaN
556,279627,3,1,NaN,NaN,0,1.119140625,NaN
557,280200,3,0,NaN,1,NaN,0.798828125,NaN
558,280609,3,0,NaN,1,NaN,0.80078125,NaN
559,281019,3,0,NaN,1,NaN,0.80078125,NaN
560,281429,3,0,NaN,1,NaN,0.798828125,NaN
561,281838,3,0,NaN,1,NaN,0.80078125,NaN
562,282248,3,0,NaN,1,NaN,0.798828125,NaN
563,282657,3,0,NaN,1,NaN,0.80078125,NaN
564,283067,3,0,NaN,1,NaN,0.798828125,NaN
565,283476,3,0,NaN,1,NaN,0.80078125,NaN
566,283886,3,1,NaN,NaN,1,1.12109375,1.134765625
567,284460,3,0,0.013671875,1,NaN,0.798828125,NaN
568,284869,3,0,NaN,1,NaN,0.798828125,NaN
569,285278,3,0,NaN,1,NaN,0.80078125,NaN
570,285688,3,0,NaN,1,NaN,0.80078125,NaN
571,286098,3,0,NaN,1,NaN,0.798828125,NaN
572,286507,3,0,NaN,1,NaN,0.80078125,NaN
573,286917,3,0,NaN,1,NaN,0.798828125,NaN
574,287326,3,0,NaN,1,NaN,0.80078125,NaN
575,287736,3,0,NaN,0,NaN,0.798828125,1.478515625
576,288145,3,0,0.6796875,1,NaN,0.80078125,NaN
577,288555,3,0,NaN,1,NaN,0.80078125,NaN
578,288965,3,0,NaN,1,NaN,0.798828125,NaN
579,289374,3,1,NaN,NaN,1,1.12109375,1.189453125
580,289948,3,0,0.068359375,1,NaN,0.798828125,NaN
581,290357,3,0,NaN,1,NaN,0.80078125,NaN
582,290767,3,0,NaN,1,NaN,0.798828125,NaN
583,291176,3,0,NaN,1,NaN,0.80078125,NaN
584,291586,3,0,NaN,1,NaN,0.798828125,NaN
585,291995,3,0,NaN,1,NaN,0.80078125,NaN
586,292405,3,0,NaN,1,NaN,0.80078125,NaN
587,292815,3,0,NaN,1,NaN,0.798828125,NaN
588,293224,3,0,NaN,1,NaN,0.80078125,NaN
589,293634,3,0,NaN,1,NaN,0.798828125,NaN
590,294043,3,1,NaN,NaN,1,1.12109375,1.302734375
591,294617,3,0,0.181640625,1,NaN,0.798828125,NaN
592,295026,3,0,NaN,1,NaN,0.80078125,NaN
593,295436,3,0,NaN,1,NaN,0.80078125,NaN
594,295846,3,0,NaN,1,NaN,0.798828125,NaN
595,296255,3,0,NaN,1,NaN,0.798828125,NaN
596,296664,3,0,NaN,1,NaN,0.80078125,NaN
597,297074,3,0,NaN,1,NaN,0.80078125,NaN
598,297484,3,1,NaN,NaN,1,1.119140625,1.7578125
599,298057,3,0,0.638671875,1,NaN,0.80078125,NaN
600,298467,3,0,NaN,1,NaN,0.798828125,NaN
601,298876,3,0,NaN,1,NaN,0.80078125,NaN
602,299286,3,0,NaN,1,NaN,0.798828125,NaN
603,299695,3,0,NaN,1,NaN,0.80078125,NaN
604,300105,3,0,NaN,1,NaN,0.80078125,NaN
605,300515,3,0,NaN,1,NaN,0.798828125,NaN
606,300924,3,0,NaN,1,NaN,0.798828125,NaN
607,301333,3,0,NaN,1,NaN,0.80078125,NaN
608,301743,3,0,NaN,1,NaN,0.80078125,NaN
609,302153,3,0,NaN,1,NaN,0.798828125,NaN
610,302562,3,0,NaN,1,NaN,0.80078125,NaN
611,302972,3,0,NaN,1,NaN,0.798828125,NaN
612,303381,3,1,NaN,NaN,0,1.12109375,NaN
613,303955,3,0,NaN,1,NaN,0.798828125,NaN
614,304364,3,0,NaN,1,NaN,0.80078125,NaN
615,304774,3,0,NaN,1,NaN,0.80078125,NaN
616,305184,3,0,NaN,0,NaN,0.798828125,1.564453125
617,305593,3,0,0.765625,1,NaN,0.80078125,NaN
618,306003,3,0,NaN,1,NaN,0.798828125,NaN
619,306412,3,0,NaN,1,NaN,0.80078125,NaN
620,306822,3,0,NaN,1,NaN,0.798828125,NaN
621,307231,3,0,NaN,1,NaN,0.80078125,NaN
622,307641,3,0,NaN,1,NaN,0.798828125,NaN
623,308050,3,0,NaN,1,NaN,0.80078125,NaN
624,308460,3,0,NaN,1,NaN,0.80078125,NaN
625,308870,3,0,NaN,1,NaN,0.798828125,NaN
626,309279,3,1,NaN,NaN,0,1.119140625,NaN
627,309852,3,0,NaN,1,NaN,0.80078125,NaN
628,310262,3,0,NaN,1,NaN,0.80078125,NaN
629,310672,3,0,NaN,1,NaN,0.798828125,NaN
630,311081,3,0,NaN,1,NaN,0.80078125,NaN
631,311491,3,0,NaN,1,NaN,0.798828125,NaN
632,311900,3,0,NaN,1,NaN,0.80078125,NaN
633,312310,3,0,NaN,1,NaN,0.798828125,NaN
634,312719,3,1,NaN,NaN,1,1.12109375,1.431640625
635,313293,3,0,0.310546875,1,NaN,0.798828125,NaN
636,313702,3,0,NaN,1,NaN,0.80078125,NaN
637,314112,3,0,NaN,1,NaN,0.80078125,NaN
638,314522,3,0,NaN,1,NaN,0.798828125,NaN
639,314931,3,0,NaN,1,NaN,0.80078125,NaN
640,315341,3,0,NaN,1,NaN,0.798828125,NaN
641,315750,3,0,NaN,1,NaN,0.80078125,NaN
642,316160,3,0,NaN,1,NaN,0.798828125,NaN
643,316569,3,0,NaN,1,NaN,0.80078125,NaN
644,316979,3,0,NaN,1,NaN,0.80078125,NaN
645,317389,3,0,NaN,1,NaN,0.798828125,NaN
646,317798,3,0,NaN,1,NaN,0.80078125,NaN
647,318208,3,0,NaN,1,NaN,0.798828125,NaN
648,318617,3,1,NaN,NaN,1,1.12109375,1.271484375
649,319191,3,0,0.150390625,1,NaN,0.798828125,NaN
650,319600,3,0,NaN,1,NaN,0.80078125,NaN
651,320010,3,0,NaN,1,NaN,0.80078125,NaN
652,320420,3,0,NaN,1,NaN,0.798828125,NaN
653,320829,3,0,NaN,1,NaN,0.80078125,NaN
654,321239,3,0,NaN,1,NaN,0.798828125,NaN
655,321648,3,0,NaN,1,NaN,0.80078125,NaN
656,322058,3,0,NaN,1,NaN,0.798828125,NaN
657,322467,3,0,NaN,1,NaN,0.80078125,NaN
658,322877,3,0,NaN,1,NaN,0.798828125,NaN
659,323286,3,0,NaN,1,NaN,0.80078125,NaN
660,323696,3,0,NaN,1,NaN,0.798828125,NaN
661,324105,3,0,NaN,1,NaN,0.80078125,NaN
662,324515,3,0,NaN,1,NaN,0.80078125,NaN
663,324925,3,1,NaN,NaN,1,1.119140625,1.326171875
664,325498,3,0,0.20703125,1,NaN,0.798828125,NaN
665,325907,3,0,NaN,1,NaN,0.80078125,NaN
666,326317,3,0,NaN,1,NaN,0.80078125,NaN
667,326727,3,0,NaN,1,NaN,0.798828125,NaN
668,327136,3,0,NaN,1,NaN,0.80078125,NaN
669,327546,3,0,NaN,1,NaN,0.798828125,NaN
670,327955,3,0,NaN,1,NaN,0.80078125,NaN
671,328365,3,1,NaN,NaN,1,1.12109375,1.318359375
672,328939,3,0,0.197265625,1,NaN,0.798828125,NaN
673,329348,3,0,NaN,1,NaN,33.318359375,NaN
674,346407,4,0,NaN,1,NaN,0.798828125,NaN
675,346816,4,0,NaN,1,NaN,0.798828125,NaN
676,347225,4,0,NaN,1,NaN,0.80078125,NaN
677,347635,4,0,NaN,1,NaN,0.80078125,NaN
678,348045,4,0,NaN,1,NaN,0.798828125,NaN
679,348454,4,0,NaN,1,NaN,0.80078125,NaN
680,348864,4,0,NaN,1,NaN,0.798828125,NaN
681,349273,4,0,NaN,1,NaN,0.80078125,NaN
682,349683,4,0,NaN,1,NaN,0.798828125,NaN
683,350092,4,0,NaN,1,NaN,0.80078125,NaN
684,350502,4,0,NaN,1,NaN,0.798828125,NaN
685,350911,4,1,NaN,NaN,0,1.12109375,NaN
686,351485,4,0,NaN,1,NaN,0.798828125,NaN
687,351894,4,0,NaN,1,NaN,0.80078125,NaN
688,352304,4,0,NaN,1,NaN,0.80078125,NaN
689,352714,4,0,NaN,1,NaN,0.798828125,NaN
690,353123,4,0,NaN,1,NaN,0.80078125,NaN
691,353533,4,0,NaN,1,NaN,0.798828125,NaN
692,353942,4,0,NaN,1,NaN,0.80078125,NaN
693,354352,4,0,NaN,1,NaN,0.80078125,NaN
694,354762,4,0,NaN,1,NaN,0.798828125,NaN
695,355171,4,0,NaN,1,NaN,0.80078125,NaN
696,355581,4,0,NaN,1,NaN,0.798828125,NaN
697,355990,4,0,NaN,1,NaN,0.80078125,NaN
698,356400,4,1,NaN,NaN,1,1.119140625,1.365234375
699,356973,4,0,0.24609375,1,NaN,0.80078125,NaN
700,357383,4,0,NaN,1,NaN,0.798828125,NaN
701,357792,4,0,NaN,1,NaN,0.80078125,NaN
702,358202,4,0,NaN,1,NaN,0.798828125,NaN
703,358611,4,0,NaN,1,NaN,0.80078125,NaN
704,359021,4,0,NaN,1,NaN,0.798828125,NaN
705,359430,4,0,NaN,1,NaN,0.80078125,NaN
706,359840,4,0,NaN,1,NaN,0.80078125,NaN
707,360250,4,0,NaN,1,NaN,0.798828125,NaN
708,360659,4,0,NaN,1,NaN,0.80078125,NaN
709,361069,4,0,NaN,1,NaN,0.798828125,NaN
710,361478,4,0,NaN,1,NaN,0.80078125,NaN
711,361888,4,0,NaN,1,NaN,0.798828125,NaN
712,362297,4,0,NaN,1,NaN,0.80078125,NaN
713,362707,4,1,NaN,NaN,1,1.119140625,1.3828125
714,363280,4,0,0.263671875,1,NaN,0.80078125,NaN
715,363690,4,0,NaN,1,NaN,0.80078125,NaN
716,364100,4,0,NaN,1,NaN,0.798828125,NaN
717,364509,4,0,NaN,1,NaN,0.80078125,NaN
718,364919,4,0,NaN,1,NaN,0.798828125,NaN
719,365328,4,0,NaN,1,NaN,0.80078125,NaN
720,365738,4,0,NaN,1,NaN,0.798828125,NaN
721,366147,4,0,NaN,1,NaN,0.80078125,NaN
722,366557,4,0,NaN,1,NaN,0.80078125,NaN
723,366967,4,0,NaN,1,NaN,0.798828125,NaN
724,367376,4,0,NaN,1,NaN,0.80078125,NaN
725,367786,4,0,NaN,1,NaN,0.798828125,NaN
726,368195,4,0,NaN,1,NaN,0.80078125,NaN
727,368605,4,0,NaN,1,NaN,0.80078125,NaN
728,369015,4,1,NaN,NaN,1,1.119140625,1.46875
729,369588,4,0,0.349609375,1,NaN,0.80078125,NaN
730,369998,4,0,NaN,1,NaN,0.798828125,NaN
731,370407,4,0,NaN,1,NaN,0.798828125,NaN
732,370816,4,0,NaN,1,NaN,0.80078125,NaN
733,371226,4,0,NaN,1,NaN,0.80078125,NaN
734,371636,4,0,NaN,1,NaN,0.798828125,NaN
735,372045,4,0,NaN,1,NaN,0.80078125,NaN
736,372455,4,0,NaN,1,NaN,0.798828125,NaN
737,372864,4,0,NaN,1,NaN,0.80078125,NaN
738,373274,4,0,NaN,0,NaN,0.80078125,0.830078125
739,373684,4,0,0.029296875,1,NaN,0.798828125,NaN
740,374093,4,0,NaN,1,NaN,0.80078125,NaN
741,374503,4,0,NaN,1,NaN,0.798828125,NaN
742,374912,4,1,NaN,NaN,0,1.119140625,NaN
743,375485,4,0,NaN,1,NaN,0.80078125,NaN
744,375895,4,0,NaN,1,NaN,0.80078125,NaN
745,376305,4,0,NaN,1,NaN,0.798828125,NaN
746,376714,4,0,NaN,1,NaN,0.80078125,NaN
747,377124,4,0,NaN,1,NaN,0.80078125,NaN
748,377534,4,0,NaN,1,NaN,0.798828125,NaN
749,377943,4,0,NaN,1,NaN,0.80078125,NaN
750,378353,4,0,NaN,1,NaN,0.798828125,NaN
751,378762,4,1,NaN,NaN,1,1.12109375,1.390625
752,379336,4,0,0.26953125,1,NaN,0.798828125,NaN
753,379745,4,0,NaN,1,NaN,0.80078125,NaN
754,380155,4,0,NaN,1,NaN,0.798828125,NaN
755,380564,4,0,NaN,1,NaN,0.80078125,NaN
756,380974,4,0,NaN,1,NaN,0.798828125,NaN
757,381383,4,0,NaN,1,NaN,0.80078125,NaN
758,381793,4,0,NaN,1,NaN,0.80078125,NaN
759,382203,4,0,NaN,1,NaN,0.798828125,NaN
760,382612,4,0,NaN,1,NaN,0.798828125,NaN
761,383021,4,0,NaN,1,NaN,0.80078125,NaN
762,383431,4,0,NaN,1,NaN,0.80078125,NaN
763,383841,4,0,NaN,1,NaN,0.798828125,NaN
764,384250,4,0,NaN,1,NaN,0.80078125,NaN
765,384660,4,1,NaN,NaN,1,1.119140625,1.197265625
766,385233,4,0,0.078125,1,NaN,0.80078125,NaN
767,385643,4,0,NaN,1,NaN,0.798828125,NaN
768,386052,4,0,NaN,1,NaN,0.80078125,NaN
769,386462,4,0,NaN,1,NaN,0.80078125,NaN
770,386872,4,0,NaN,1,NaN,0.798828125,NaN
771,387281,4,0,NaN,1,NaN,0.80078125,NaN
772,387691,4,0,NaN,0,NaN,0.798828125,0.892578125
773,388100,4,0,0.09375,1,NaN,0.80078125,NaN
774,388510,4,0,NaN,1,NaN,0.798828125,NaN
775,388919,4,0,NaN,1,NaN,0.80078125,NaN
776,389329,4,0,NaN,1,NaN,0.798828125,NaN
777,389738,4,0,NaN,1,NaN,0.80078125,NaN
778,390148,4,0,NaN,1,NaN,0.80078125,NaN
779,390558,4,0,NaN,1,NaN,0.798828125,NaN
780,390967,4,1,NaN,NaN,1,1.119140625,1.390625
781,391540,4,0,0.271484375,1,NaN,0.80078125,NaN
782,391950,4,0,NaN,1,NaN,0.80078125,NaN
783,392360,4,0,NaN,1,NaN,0.798828125,NaN
784,392769,4,0,NaN,1,NaN,0.80078125,NaN
785,393179,4,0,NaN,1,NaN,0.80078125,NaN
786,393589,4,0,NaN,1,NaN,0.798828125,NaN
787,393998,4,0,NaN,1,NaN,0.798828125,NaN
788,394407,4,0,NaN,0,NaN,0.80078125,1.51953125
789,394817,4,0,0.71875,1,NaN,0.80078125,NaN
790,395227,4,0,NaN,1,NaN,0.798828125,NaN
791,395636,4,0,NaN,1,NaN,0.80078125,NaN
792,396046,4,0,NaN,1,NaN,0.80078125,NaN
793,396456,4,1,NaN,NaN,1,1.119140625,1.66015625
794,397029,4,0,0.541015625,1,NaN,0.798828125,NaN
795,397438,4,0,NaN,1,NaN,0.80078125,NaN
796,397848,4,0,NaN,1,NaN,0.80078125,NaN
797,398258,4,0,NaN,1,NaN,0.798828125,NaN
798,398667,4,0,NaN,1,NaN,0.798828125,NaN
799,399076,4,0,NaN,1,NaN,0.80078125,NaN
800,399486,4,0,NaN,1,NaN,0.80078125,NaN
801,399896,4,1,NaN,NaN,0,1.119140625,NaN
802,400469,4,0,NaN,1,NaN,0.80078125,NaN
803,400879,4,0,NaN,1,NaN,0.798828125,NaN
804,401288,4,0,NaN,1,NaN,0.80078125,NaN
805,401698,4,0,NaN,1,NaN,0.80078125,NaN
806,402108,4,0,NaN,1,NaN,0.798828125,NaN
807,402517,4,0,NaN,0,NaN,0.80078125,1.0546875
808,402927,4,0,0.25390625,1,NaN,0.798828125,NaN
809,403336,4,1,NaN,NaN,0,1.119140625,NaN
810,403909,4,0,NaN,1,NaN,0.80078125,NaN
811,404319,4,0,NaN,1,NaN,0.80078125,NaN
812,404729,4,0,NaN,1,NaN,0.798828125,NaN
813,405138,4,0,NaN,1,NaN,0.80078125,NaN
814,405548,4,0,NaN,1,NaN,0.80078125,NaN
815,405958,4,0,NaN,1,NaN,0.798828125,NaN
816,406367,4,0,NaN,1,NaN,0.798828125,NaN
817,406776,4,0,NaN,1,NaN,0.80078125,NaN
818,407186,4,0,NaN,1,NaN,0.798828125,NaN
819,407595,4,0,NaN,1,NaN,0.80078125,NaN
820,408005,4,0,NaN,1,NaN,0.80078125,NaN
821,408415,4,1,NaN,NaN,0,1.119140625,NaN
822,408988,4,0,NaN,1,NaN,0.80078125,NaN
823,409398,4,0,NaN,1,NaN,0.798828125,NaN
824,409807,4,0,NaN,1,NaN,0.80078125,NaN
825,410217,4,0,NaN,1,NaN,0.798828125,NaN
826,410626,4,0,NaN,1,NaN,0.80078125,NaN
827,411036,4,0,NaN,1,NaN,0.798828125,NaN
828,411445,4,0,NaN,0,NaN,0.80078125,1.50390625
829,411855,4,0,0.703125,1,NaN,0.80078125,NaN
830,412265,4,0,NaN,1,NaN,0.798828125,NaN
831,412674,4,0,NaN,1,NaN,0.80078125,NaN
832,413084,4,0,NaN,1,NaN,0.80078125,NaN
833,413494,4,0,NaN,1,NaN,0.798828125,NaN
834,413903,4,1,0.89453125,NaN,1,1.119140625,0.89453125
835,414476,4,0,NaN,1,NaN,0.80078125,NaN
836,414886,4,0,NaN,1,NaN,0.80078125,NaN
837,415296,4,0,NaN,1,NaN,0.798828125,NaN
838,415705,4,0,NaN,1,NaN,0.80078125,NaN
839,416115,4,0,NaN,1,NaN,0.798828125,NaN
840,416524,4,0,NaN,1,NaN,0.80078125,NaN
841,416934,4,1,NaN,NaN,1,1.119140625,1.25390625
842,417507,4,0,0.134765625,1,NaN,0.80078125,NaN
843,417917,4,0,NaN,1,NaN,0.798828125,NaN
844,418326,4,0,NaN,1,NaN,0.80078125,NaN
845,418736,4,0,NaN,1,NaN,0.80078125,NaN
846,419146,4,0,NaN,1,NaN,0.798828125,NaN
847,419555,4,0,NaN,1,NaN,0.798828125,NaN
848,419964,4,0,NaN,1,NaN,0.80078125,NaN
849,420374,4,0,NaN,1,NaN,0.80078125,NaN
850,420784,4,1,NaN,NaN,0,1.119140625,NaN
851,421357,4,0,NaN,1,NaN,0.798828125,NaN
852,421766,4,0,NaN,0,NaN,0.80078125,0.83203125
853,422176,4,0,0.03125,1,NaN,0.80078125,NaN
854,422586,4,0,NaN,1,NaN,0.798828125,NaN
855,422995,4,0,NaN,1,NaN,0.80078125,NaN
856,423405,4,0,NaN,1,NaN,0.80078125,NaN
857,423815,4,0,NaN,1,NaN,0.798828125,NaN
858,424224,4,1,NaN,NaN,1,1.12109375,1.58984375
859,424798,4,0,0.46875,1,NaN,0.798828125,NaN
860,425207,4,0,NaN,1,NaN,0.798828125,NaN
861,425616,4,0,NaN,1,NaN,0.80078125,NaN
862,426026,4,0,NaN,1,NaN,0.80078125,NaN
863,426436,4,0,NaN,1,NaN,0.798828125,NaN
864,426845,4,0,NaN,1,NaN,0.80078125,NaN
865,427255,4,0,NaN,1,NaN,0.80078125,NaN
866,427665,4,0,NaN,0,NaN,0.798828125,0.94921875
867,428074,4,0,0.150390625,1,NaN,0.798828125,NaN
868,428483,4,0,NaN,1,NaN,0.80078125,NaN
869,428893,4,0,NaN,1,NaN,0.80078125,NaN
870,429303,4,0,NaN,1,NaN,0.798828125,NaN
871,429712,4,0,NaN,1,NaN,0.80078125,NaN
872,430122,4,0,NaN,1,NaN,0.798828125,NaN
873,430531,4,1,NaN,NaN,0,1.12109375,NaN
874,431105,4,0,NaN,1,NaN,0.798828125,NaN
875,431514,4,0,NaN,1,NaN,0.80078125,NaN
876,431924,4,0,NaN,1,NaN,0.798828125,NaN
877,432333,4,0,NaN,1,NaN,0.80078125,NaN
878,432743,4,0,NaN,1,NaN,0.798828125,NaN
879,433152,4,0,NaN,1,NaN,0.80078125,NaN
880,433562,4,0,NaN,1,NaN,0.80078125,NaN
881,433972,4,1,0.845703125,NaN,1,1.119140625,0.845703125
882,434545,4,0,NaN,1,NaN,0.80078125,NaN
883,434955,4,0,NaN,1,NaN,0.798828125,NaN
884,435364,4,0,NaN,1,NaN,0.80078125,NaN
885,435774,4,0,NaN,1,NaN,0.798828125,NaN
886,436183,4,0,NaN,1,NaN,0.80078125,NaN
887,436593,4,0,NaN,1,NaN,0.798828125,NaN
888,437002,4,0,NaN,1,NaN,0.80078125,NaN
889,437412,4,0,NaN,1,NaN,0.80078125,NaN
890,437822,4,0,NaN,1,NaN,0.798828125,NaN
891,438231,4,0,NaN,1,NaN,0.80078125,NaN
892,438641,4,0,NaN,1,NaN,0.798828125,NaN
893,439050,4,0,NaN,1,NaN,0.80078125,NaN
894,439460,4,1,NaN,NaN,0,1.119140625,NaN
895,440033,4,0,NaN,1,NaN,0.80078125,NaN
896,440443,4,0,NaN,1,NaN,0.798828125,NaN
897,440852,4,0,NaN,1,NaN,0.80078125,NaN
898,441262,4,0,NaN,1,NaN,7.32421875,NaN
899,445012,5,0,NaN,1,NaN,0.80078125,NaN
900,445422,5,0,NaN,1,NaN,0.798828125,NaN
901,445831,5,0,NaN,1,NaN,0.80078125,NaN
902,446241,5,0,NaN,1,NaN,0.798828125,NaN
903,446650,5,0,NaN,1,NaN,0.80078125,NaN
904,447060,5,0,NaN,1,NaN,0.798828125,NaN
905,447469,5,0,NaN,1,NaN,0.80078125,NaN
906,447879,5,0,NaN,1,NaN,0.80078125,NaN
907,448289,5,0,NaN,1,NaN,0.798828125,NaN
908,448698,5,0,NaN,1,NaN,0.80078125,NaN
909,449108,5,0,NaN,1,NaN,0.798828125,NaN
910,449517,5,0,NaN,1,NaN,0.80078125,NaN
911,449927,5,1,NaN,NaN,1,1.119140625,1.26953125
912,450500,5,0,0.150390625,1,NaN,0.80078125,NaN
913,450910,5,0,NaN,1,NaN,0.798828125,NaN
914,451319,5,0,NaN,1,NaN,0.80078125,NaN
915,451729,5,0,NaN,1,NaN,0.798828125,NaN
916,452138,5,0,NaN,1,NaN,0.80078125,NaN
917,452548,5,0,NaN,1,NaN,0.798828125,NaN
918,452957,5,0,NaN,1,NaN,0.80078125,NaN
919,453367,5,0,NaN,1,NaN,0.80078125,NaN
920,453777,5,0,NaN,1,NaN,0.798828125,NaN
921,454186,5,0,NaN,1,NaN,0.80078125,NaN
922,454596,5,0,NaN,1,NaN,0.798828125,NaN
923,455005,5,0,NaN,1,NaN,0.80078125,NaN
924,455415,5,0,NaN,1,NaN,0.80078125,NaN
925,455825,5,1,NaN,NaN,1,1.119140625,1.29296875
926,456398,5,0,0.173828125,1,NaN,0.798828125,NaN
927,456807,5,0,NaN,1,NaN,0.80078125,NaN
928,457217,5,0,NaN,1,NaN,0.80078125,NaN
929,457627,5,0,NaN,1,NaN,0.798828125,NaN
930,458036,5,0,NaN,0,NaN,0.80078125,0.998046875
931,458446,5,0,0.197265625,1,NaN,0.798828125,NaN
932,458855,5,1,NaN,NaN,1,1.12109375,1.341796875
933,459429,5,0,0.220703125,1,NaN,0.798828125,NaN
934,459838,5,0,NaN,1,NaN,0.80078125,NaN
935,460248,5,0,NaN,1,NaN,0.80078125,NaN
936,460658,5,0,NaN,1,NaN,0.798828125,NaN
937,461067,5,0,NaN,1,NaN,0.798828125,NaN
938,461476,5,0,NaN,0,NaN,0.80078125,1.0390625
939,461886,5,0,0.23828125,1,NaN,0.80078125,NaN
940,462296,5,0,NaN,1,NaN,0.798828125,NaN
941,462705,5,0,NaN,1,NaN,0.80078125,NaN
942,463115,5,1,NaN,NaN,1,1.119140625,1.58984375
943,463688,5,0,0.470703125,1,NaN,0.80078125,NaN
944,464098,5,0,NaN,1,NaN,0.80078125,NaN
945,464508,5,0,NaN,1,NaN,0.798828125,NaN
946,464917,5,0,NaN,1,NaN,0.798828125,NaN
947,465326,5,0,NaN,1,NaN,0.80078125,NaN
948,465736,5,0,NaN,1,NaN,0.798828125,NaN
949,466145,5,0,NaN,1,NaN,0.80078125,NaN
950,466555,5,0,NaN,1,NaN,0.80078125,NaN
951,466965,5,0,NaN,1,NaN,0.798828125,NaN
952,467374,5,0,NaN,1,NaN,0.80078125,NaN
953,467784,5,1,NaN,NaN,1,1.119140625,1.58984375
954,468357,5,0,0.470703125,1,NaN,0.80078125,NaN
955,468767,5,0,NaN,1,NaN,0.798828125,NaN
956,469176,5,0,NaN,1,NaN,0.80078125,NaN
957,469586,5,0,NaN,1,NaN,0.798828125,NaN
958,469995,5,0,NaN,1,NaN,0.80078125,NaN
959,470405,5,0,NaN,1,NaN,0.80078125,NaN
960,470815,5,1,NaN,NaN,1,1.119140625,1.46875
961,471388,5,0,0.349609375,1,NaN,0.80078125,NaN
962,471798,5,0,NaN,1,NaN,0.798828125,NaN
963,472207,5,0,NaN,1,NaN,0.80078125,NaN
964,472617,5,0,NaN,1,NaN,0.798828125,NaN
965,473026,5,0,NaN,1,NaN,0.80078125,NaN
966,473436,5,0,NaN,1,NaN,0.798828125,NaN
967,473845,5,0,NaN,1,NaN,0.80078125,NaN
968,474255,5,0,NaN,1,NaN,0.798828125,NaN
969,474664,5,0,NaN,1,NaN,0.80078125,NaN
970,475074,5,0,NaN,1,NaN,0.80078125,NaN
971,475484,5,0,NaN,1,NaN,0.798828125,NaN
972,475893,5,1,NaN,NaN,1,1.12109375,1.462890625
973,476467,5,0,0.341796875,1,NaN,0.798828125,NaN
974,476876,5,0,NaN,1,NaN,0.80078125,NaN
975,477286,5,0,NaN,1,NaN,0.798828125,NaN
976,477695,5,0,NaN,1,NaN,0.80078125,NaN
977,478105,5,0,NaN,1,NaN,0.80078125,NaN
978,478515,5,0,NaN,1,NaN,0.798828125,NaN
979,478924,5,0,NaN,1,NaN,0.80078125,NaN
980,479334,5,0,NaN,1,NaN,0.798828125,NaN
981,479743,5,0,NaN,1,NaN,0.80078125,NaN
982,480153,5,0,NaN,1,NaN,0.798828125,NaN
983,480562,5,1,NaN,NaN,0,1.12109375,NaN
984,481136,5,0,NaN,1,NaN,0.798828125,NaN
985,481545,5,0,NaN,1,NaN,0.80078125,NaN
986,481955,5,0,NaN,1,NaN,0.798828125,NaN
987,482364,5,0,NaN,1,NaN,0.80078125,NaN
988,482774,5,0,NaN,1,NaN,0.80078125,NaN
989,483184,5,0,NaN,1,NaN,0.798828125,NaN
990,483593,5,0,NaN,1,NaN,0.80078125,NaN
991,484003,5,0,NaN,1,NaN,0.798828125,NaN
992,484412,5,0,NaN,1,NaN,0.80078125,NaN
993,484822,5,0,NaN,1,NaN,0.798828125,NaN
994,485231,5,0,NaN,1,NaN,0.80078125,NaN
995,485641,5,0,NaN,1,NaN,0.80078125,NaN
996,486051,5,0,NaN,1,NaN,0.798828125,NaN
997,486460,5,1,NaN,NaN,1,1.12109375,1.59765625
998,487034,5,0,0.4765625,1,NaN,0.798828125,NaN
999,487443,5,0,NaN,1,NaN,0.80078125,NaN
1000,487853,5,0,NaN,1,NaN,0.798828125,NaN
1001,488262,5,0,NaN,1,NaN,0.80078125,NaN
1002,488672,5,0,NaN,1,NaN,0.798828125,NaN
1003,489081,5,0,NaN,1,NaN,0.80078125,NaN
1004,489491,5,0,NaN,1,NaN,0.798828125,NaN
1005,489900,5,1,NaN,NaN,0,1.12109375,NaN
1006,490474,5,0,NaN,1,NaN,0.798828125,NaN
1007,490883,5,0,NaN,1,NaN,0.80078125,NaN
1008,491293,5,0,NaN,1,NaN,0.798828125,NaN
1009,491702,5,0,NaN,1,NaN,0.80078125,NaN
1010,492112,5,0,NaN,1,NaN,0.80078125,NaN
1011,492522,5,0,NaN,1,NaN,0.798828125,NaN
1012,492931,5,1,NaN,NaN,1,1.12109375,1.318359375
1013,493505,5,0,0.197265625,1,NaN,0.798828125,NaN
1014,493914,5,0,NaN,1,NaN,0.80078125,NaN
1015,494324,5,0,NaN,1,NaN,0.80078125,NaN
1016,494734,5,0,NaN,1,NaN,0.798828125,NaN
1017,495143,5,0,NaN,1,NaN,0.798828125,NaN
1018,495552,5,0,NaN,1,NaN,0.80078125,NaN
1019,495962,5,1,NaN,NaN,1,1.12109375,1.421875
1020,496536,5,0,0.30078125,1,NaN,0.798828125,NaN
1021,496945,5,0,NaN,1,NaN,0.798828125,NaN
1022,497354,5,0,NaN,1,NaN,0.80078125,NaN
1023,497764,5,0,NaN,1,NaN,0.80078125,NaN
1024,498174,5,0,NaN,1,NaN,0.798828125,NaN
1025,498583,5,0,NaN,1,NaN,0.80078125,NaN
1026,498993,5,0,NaN,1,NaN,0.798828125,NaN
1027,499402,5,0,NaN,1,NaN,0.80078125,NaN
1028,499812,5,0,NaN,1,NaN,0.80078125,NaN
1029,500222,5,0,NaN,1,NaN,0.798828125,NaN
1030,500631,5,1,NaN,NaN,0,1.119140625,NaN
1031,501204,5,0,NaN,1,NaN,0.80078125,NaN
1032,501614,5,0,NaN,1,NaN,0.80078125,NaN
1033,502024,5,0,NaN,1,NaN,0.798828125,NaN
1034,502433,5,0,NaN,1,NaN,0.80078125,NaN
1035,502843,5,0,NaN,1,NaN,0.80078125,NaN
1036,503253,5,0,NaN,1,NaN,0.798828125,NaN
1037,503662,5,0,NaN,1,NaN,0.798828125,NaN
1038,504071,5,0,NaN,1,NaN,0.80078125,NaN
1039,504481,5,0,NaN,1,NaN,0.798828125,NaN
1040,504890,5,0,NaN,1,NaN,0.80078125,NaN
1041,505300,5,1,NaN,NaN,0,1.12109375,NaN
1042,505874,5,0,NaN,1,NaN,0.798828125,NaN
1043,506283,5,0,NaN,0,NaN,0.80078125,1.205078125
1044,506693,5,0,0.404296875,1,NaN,0.798828125,NaN
1045,507102,5,0,NaN,1,NaN,0.80078125,NaN
1046,507512,5,0,NaN,1,NaN,0.798828125,NaN
1047,507921,5,0,NaN,1,NaN,0.80078125,NaN
1048,508331,5,0,NaN,1,NaN,0.798828125,NaN
1049,508740,5,0,NaN,1,NaN,0.80078125,NaN
1050,509150,5,1,NaN,NaN,0,1.119140625,NaN
1051,509723,5,0,NaN,1,NaN,0.80078125,NaN
1052,510133,5,0,NaN,1,NaN,0.80078125,NaN
1053,510543,5,0,NaN,1,NaN,0.798828125,NaN
1054,510952,5,0,NaN,1,NaN,0.80078125,NaN
1055,511362,5,0,NaN,0,NaN,0.80078125,1.572265625
1056,511772,5,0,0.771484375,1,NaN,0.798828125,NaN
1057,512181,5,0,NaN,1,NaN,0.798828125,NaN
1058,512590,5,1,NaN,NaN,1,1.12109375,1.623046875
1059,513164,5,0,0.501953125,1,NaN,0.798828125,NaN
1060,513573,5,0,NaN,0,NaN,0.80078125,1.119140625
1061,513983,5,0,0.318359375,1,NaN,0.80078125,NaN
1062,514393,5,0,NaN,1,NaN,0.798828125,NaN
1063,514802,5,0,NaN,1,NaN,0.80078125,NaN
1064,515212,5,0,NaN,1,NaN,0.798828125,NaN
1065,515621,5,0,NaN,1,NaN,0.80078125,NaN
1066,516031,5,0,NaN,1,NaN,0.798828125,NaN
1067,516440,5,0,NaN,1,NaN,0.80078125,NaN
1068,516850,5,1,NaN,NaN,1,1.12109375,1.4296875
1069,517424,5,0,0.30859375,1,NaN,0.798828125,NaN
1070,517833,5,0,NaN,1,NaN,0.80078125,NaN
1071,518243,5,0,NaN,1,NaN,0.798828125,NaN
1072,518652,5,0,NaN,1,NaN,0.80078125,NaN
1073,519062,5,0,NaN,1,NaN,0.798828125,NaN
1074,519471,5,0,NaN,0,NaN,0.80078125,1.55859375
1075,519881,5,0,0.7578125,1,NaN,0.798828125,NaN
1076,520290,5,0,NaN,1,NaN,0.80078125,NaN
1077,520700,5,0,NaN,1,NaN,0.798828125,NaN
1078,521109,5,0,NaN,1,NaN,0.80078125,NaN
1079,521519,5,0,NaN,1,NaN,0.798828125,NaN
1080,521928,5,0,NaN,1,NaN,0.80078125,NaN
1081,522338,5,0,NaN,1,NaN,0.80078125,NaN
1082,522748,5,1,NaN,NaN,0,1.119140625,NaN
1083,523321,5,0,NaN,1,NaN,0.80078125,NaN
1084,523731,5,0,NaN,1,NaN,0.798828125,NaN
1085,524140,5,0,NaN,1,NaN,0.80078125,NaN
1086,524550,5,0,NaN,1,NaN,0.80078125,NaN
1087,524960,5,0,NaN,1,NaN,0.798828125,NaN
1088,525369,5,0,NaN,1,NaN,0.80078125,NaN
1089,525779,5,0,NaN,1,NaN,0.798828125,NaN
1090,526188,5,0,NaN,1,NaN,0.80078125,NaN
1091,526598,5,0,NaN,1,NaN,0.798828125,NaN
1092,527007,5,0,NaN,1,NaN,0.80078125,NaN
1093,527417,5,1,NaN,NaN,0,1.119140625,NaN
1094,527990,5,0,NaN,1,NaN,0.80078125,NaN
1095,528400,5,0,NaN,1,NaN,0.798828125,NaN
1096,528809,5,0,NaN,1,NaN,0.80078125,NaN
1097,529219,5,0,NaN,1,NaN,0.80078125,NaN
1098,529629,5,0,NaN,1,NaN,0.798828125,NaN
1099,530038,5,0,NaN,0,NaN,0.798828125,0.94921875
1100,530447,5,0,0.150390625,1,NaN,0.80078125,NaN
1101,530857,5,0,NaN,1,NaN,0.80078125,NaN
1102,531267,5,0,NaN,1,NaN,0.798828125,NaN
1103,531676,5,0,NaN,1,NaN,0.80078125,NaN
1104,532086,5,0,NaN,1,NaN,0.798828125,NaN
1105,532495,5,1,NaN,NaN,0,1.12109375,NaN
1106,533069,5,0,NaN,1,NaN,0.80078125,NaN
1107,533479,5,0,NaN,1,NaN,0.798828125,NaN
1108,533888,5,0,NaN,1,NaN,0.80078125,NaN
1109,534298,5,0,NaN,1,NaN,0.798828125,NaN
1110,534707,5,0,NaN,1,NaN,0.80078125,NaN
1111,535117,5,0,NaN,1,NaN,0.798828125,NaN
1112,535526,5,0,NaN,1,NaN,0.80078125,NaN
1113,535936,5,0,NaN,1,NaN,0.798828125,NaN
1114,536345,5,0,NaN,1,NaN,0.80078125,NaN
1115,536755,5,0,NaN,1,NaN,0.80078125,NaN
1116,537165,5,0,NaN,1,NaN,0.798828125,NaN
1117,537574,5,0,NaN,1,NaN,0.798828125,NaN
1118,537983,5,0,NaN,1,NaN,0.80078125,NaN
1119,538393,5,1,NaN,NaN,0,1.119140625,NaN
1120,538966,5,0,NaN,1,NaN,0.80078125,NaN
1121,539376,5,0,NaN,1,NaN,0.80078125,NaN
1122,539786,5,0,NaN,1,NaN,0.798828125,NaN
1123,540195,5,0,NaN,1,NaN,27.69921875,NaN
1124,554377,6,0,NaN,1,NaN,0.80078125,NaN
1125,554787,6,0,NaN,1,NaN,0.798828125,NaN
1126,555196,6,0,NaN,1,NaN,0.80078125,NaN
1127,555606,6,0,NaN,1,NaN,0.798828125,NaN
1128,556015,6,0,NaN,1,NaN,0.80078125,NaN
1129,556425,6,0,NaN,1,NaN,0.798828125,NaN
1130,556834,6,0,NaN,1,NaN,0.80078125,NaN
1131,557244,6,0,NaN,1,NaN,0.80078125,NaN
1132,557654,6,0,NaN,1,NaN,0.798828125,NaN
1133,558063,6,0,NaN,1,NaN,0.80078125,NaN
1134,558473,6,0,NaN,1,NaN,0.798828125,NaN
1135,558882,6,0,NaN,1,NaN,0.80078125,NaN
1136,559292,6,1,NaN,NaN,1,1.12109375,1.3203125
1137,559866,6,0,0.19921875,1,NaN,0.798828125,NaN
1138,560275,6,0,NaN,1,NaN,0.80078125,NaN
1139,560685,6,0,NaN,1,NaN,0.798828125,NaN
1140,561094,6,0,NaN,1,NaN,0.80078125,NaN
1141,561504,6,0,NaN,1,NaN,0.798828125,NaN
1142,561913,6,0,NaN,1,NaN,0.80078125,NaN
1143,562323,6,0,NaN,1,NaN,0.798828125,NaN
1144,562732,6,0,NaN,1,NaN,0.80078125,NaN
1145,563142,6,0,NaN,1,NaN,0.798828125,NaN
1146,563551,6,0,NaN,1,NaN,0.80078125,NaN
1147,563961,6,0,NaN,1,NaN,0.80078125,NaN
1148,564371,6,0,NaN,1,NaN,0.798828125,NaN
1149,564780,6,0,NaN,1,NaN,0.80078125,NaN
1150,565190,6,0,NaN,1,NaN,0.798828125,NaN
1151,565599,6,1,NaN,NaN,1,1.12109375,1.232421875
1152,566173,6,0,0.111328125,1,NaN,0.798828125,NaN
1153,566582,6,0,NaN,1,NaN,0.80078125,NaN
1154,566992,6,0,NaN,1,NaN,0.80078125,NaN
1155,567402,6,0,NaN,1,NaN,0.798828125,NaN
1156,567811,6,0,NaN,1,NaN,0.80078125,NaN
1157,568221,6,0,NaN,1,NaN,0.798828125,NaN
1158,568630,6,0,NaN,1,NaN,0.80078125,NaN
1159,569040,6,1,NaN,NaN,1,1.119140625,1.623046875
1160,569613,6,0,0.50390625,1,NaN,0.798828125,NaN
1161,570022,6,0,NaN,1,NaN,0.80078125,NaN
1162,570432,6,0,NaN,1,NaN,0.80078125,NaN
1163,570842,6,0,NaN,1,NaN,0.798828125,NaN
1164,571251,6,0,NaN,1,NaN,0.80078125,NaN
1165,571661,6,0,NaN,1,NaN,0.80078125,NaN
1166,572071,6,0,NaN,1,NaN,0.798828125,NaN
1167,572480,6,0,NaN,1,NaN,0.798828125,NaN
1168,572889,6,0,NaN,1,NaN,0.80078125,NaN
1169,573299,6,0,NaN,1,NaN,0.80078125,NaN
1170,573709,6,0,NaN,1,NaN,0.798828125,NaN
1171,574118,6,1,NaN,NaN,1,1.12109375,1.384765625
1172,574692,6,0,0.263671875,1,NaN,0.798828125,NaN
1173,575101,6,0,NaN,1,NaN,0.80078125,NaN
1174,575511,6,0,NaN,1,NaN,0.80078125,NaN
1175,575921,6,0,NaN,1,NaN,0.798828125,NaN
1176,576330,6,0,NaN,1,NaN,0.798828125,NaN
1177,576739,6,0,NaN,1,NaN,0.80078125,NaN
1178,577149,6,0,NaN,1,NaN,0.798828125,NaN
1179,577558,6,0,NaN,1,NaN,0.80078125,NaN
1180,577968,6,0,NaN,1,NaN,0.80078125,NaN
1181,578378,6,0,NaN,1,NaN,0.798828125,NaN
1182,578787,6,1,NaN,NaN,1,1.12109375,1.376953125
1183,579361,6,0,0.255859375,1,NaN,0.798828125,NaN
1184,579770,6,0,NaN,1,NaN,0.80078125,NaN
1185,580180,6,0,NaN,1,NaN,0.80078125,NaN
1186,580590,6,0,NaN,1,NaN,0.798828125,NaN
1187,580999,6,0,NaN,1,NaN,0.80078125,NaN
1188,581409,6,0,NaN,1,NaN,0.798828125,NaN
1189,581818,6,0,NaN,1,NaN,0.80078125,NaN
1190,582228,6,0,NaN,1,NaN,0.798828125,NaN
1191,582637,6,0,NaN,1,NaN,0.80078125,NaN
1192,583047,6,0,NaN,1,NaN,0.80078125,NaN
1193,583457,6,0,NaN,1,NaN,0.798828125,NaN
1194,583866,6,0,NaN,1,NaN,0.80078125,NaN
1195,584276,6,0,NaN,1,NaN,0.798828125,NaN
1196,584685,6,1,NaN,NaN,1,1.12109375,1.416015625
1197,585259,6,0,0.294921875,1,NaN,0.798828125,NaN
1198,585668,6,0,NaN,1,NaN,0.80078125,NaN
1199,586078,6,0,NaN,1,NaN,0.798828125,NaN
1200,586487,6,0,NaN,1,NaN,0.80078125,NaN
1201,586897,6,0,NaN,1,NaN,0.798828125,NaN
1202,587306,6,0,NaN,1,NaN,0.80078125,NaN
1203,587716,6,0,NaN,1,NaN,0.798828125,NaN
1204,588125,6,0,NaN,1,NaN,0.80078125,NaN
1205,588535,6,1,NaN,NaN,0,1.12109375,NaN
1206,589109,6,0,NaN,1,NaN,0.798828125,NaN
1207,589518,6,0,NaN,1,NaN,0.798828125,NaN
1208,589927,6,0,NaN,1,NaN,0.80078125,NaN
1209,590337,6,0,NaN,1,NaN,0.80078125,NaN
1210,590747,6,0,NaN,1,NaN,0.798828125,NaN
1211,591156,6,0,NaN,1,NaN,0.80078125,NaN
1212,591566,6,0,NaN,1,NaN,0.80078125,NaN
1213,591976,6,0,NaN,1,NaN,0.798828125,NaN
1214,592385,6,0,NaN,1,NaN,0.798828125,NaN
1215,592794,6,0,NaN,1,NaN,0.80078125,NaN
1216,593204,6,1,NaN,NaN,0,1.12109375,NaN
1217,593778,6,0,NaN,1,NaN,0.798828125,NaN
1218,594187,6,0,NaN,1,NaN,0.80078125,NaN
1219,594597,6,0,NaN,1,NaN,0.798828125,NaN
1220,595006,6,0,NaN,1,NaN,0.80078125,NaN
1221,595416,6,0,NaN,1,NaN,0.798828125,NaN
1222,595825,6,0,NaN,1,NaN,0.80078125,NaN
1223,596235,6,0,NaN,1,NaN,0.80078125,NaN
1224,596645,6,0,NaN,1,NaN,0.798828125,NaN
1225,597054,6,0,NaN,1,NaN,0.798828125,NaN
1226,597463,6,0,NaN,1,NaN,0.80078125,NaN
1227,597873,6,1,NaN,NaN,1,1.119140625,1.263671875
1228,598446,6,0,0.14453125,1,NaN,0.80078125,NaN
1229,598856,6,0,NaN,1,NaN,0.80078125,NaN
1230,599266,6,0,NaN,1,NaN,0.798828125,NaN
1231,599675,6,0,NaN,1,NaN,0.80078125,NaN
1232,600085,6,0,NaN,1,NaN,0.798828125,NaN
1233,600494,6,0,NaN,1,NaN,0.80078125,NaN
1234,600904,6,0,NaN,1,NaN,0.798828125,NaN
1235,601313,6,0,NaN,1,NaN,0.80078125,NaN
1236,601723,6,0,NaN,1,NaN,0.798828125,NaN
1237,602132,6,0,NaN,1,NaN,0.80078125,NaN
1238,602542,6,0,NaN,1,NaN,0.80078125,NaN
1239,602952,6,0,NaN,1,NaN,0.798828125,NaN
1240,603361,6,1,NaN,NaN,0,1.12109375,NaN
1241,603935,6,0,NaN,1,NaN,0.798828125,NaN
1242,604344,6,0,NaN,1,NaN,0.80078125,NaN
1243,604754,6,0,NaN,1,NaN,0.80078125,NaN
1244,605164,6,0,NaN,0,NaN,0.798828125,1.0390625
1245,605573,6,0,0.240234375,1,NaN,0.798828125,NaN
1246,605982,6,0,NaN,1,NaN,0.80078125,NaN
1247,606392,6,0,NaN,1,NaN,0.80078125,NaN
1248,606802,6,0,NaN,1,NaN,0.798828125,NaN
1249,607211,6,0,NaN,1,NaN,0.80078125,NaN
1250,607621,6,0,NaN,1,NaN,0.80078125,NaN
1251,608031,6,0,NaN,1,NaN,0.798828125,NaN
1252,608440,6,0,NaN,1,NaN,0.80078125,NaN
1253,608850,6,0,NaN,1,NaN,0.798828125,NaN
1254,609259,6,0,NaN,1,NaN,0.80078125,NaN
1255,609669,6,1,NaN,NaN,1,1.119140625,1.89453125
1256,610242,6,0,0.775390625,1,NaN,0.80078125,NaN
1257,610652,6,0,NaN,1,NaN,0.798828125,NaN
1258,611061,6,0,NaN,1,NaN,0.80078125,NaN
1259,611471,6,0,NaN,1,NaN,0.798828125,NaN
1260,611880,6,0,NaN,1,NaN,0.80078125,NaN
1261,612290,6,0,NaN,1,NaN,0.80078125,NaN
1262,612700,6,0,NaN,1,NaN,0.798828125,NaN
1263,613109,6,0,NaN,1,NaN,0.80078125,NaN
1264,613519,6,0,NaN,1,NaN,0.798828125,NaN
1265,613928,6,0,NaN,1,NaN,0.80078125,NaN
1266,614338,6,0,NaN,1,NaN,0.798828125,NaN
1267,614747,6,1,NaN,NaN,0,1.12109375,NaN
1268,615321,6,0,NaN,1,NaN,0.798828125,NaN
1269,615730,6,0,NaN,1,NaN,0.80078125,NaN
1270,616140,6,0,NaN,1,NaN,0.798828125,NaN
1271,616549,6,0,NaN,1,NaN,0.80078125,NaN
1272,616959,6,0,NaN,1,NaN,0.80078125,NaN
1273,617369,6,0,NaN,1,NaN,0.798828125,NaN
1274,617778,6,0,NaN,1,NaN,0.80078125,NaN
1275,618188,6,0,NaN,1,NaN,0.798828125,NaN
1276,618597,6,0,NaN,1,NaN,0.80078125,NaN
1277,619007,6,0,NaN,1,NaN,0.798828125,NaN
1278,619416,6,0,NaN,1,NaN,0.80078125,NaN
1279,619826,6,0,NaN,1,NaN,0.798828125,NaN
1280,620235,6,0,NaN,1,NaN,0.80078125,NaN
1281,620645,6,1,NaN,NaN,0,1.119140625,NaN
1282,621218,6,0,NaN,1,NaN,0.80078125,NaN
1283,621628,6,0,NaN,1,NaN,0.798828125,NaN
1284,622037,6,0,NaN,1,NaN,0.80078125,NaN
1285,622447,6,0,NaN,1,NaN,0.80078125,NaN
1286,622857,6,0,NaN,0,NaN,0.798828125,1.455078125
1287,623266,6,0,0.65625,1,NaN,0.80078125,NaN
1288,623676,6,0,NaN,1,NaN,0.80078125,NaN
1289,624086,6,0,NaN,1,NaN,0.798828125,NaN
1290,624495,6,0,NaN,1,NaN,0.798828125,NaN
1291,624904,6,0,NaN,1,NaN,0.80078125,NaN
1292,625314,6,1,NaN,NaN,1,1.119140625,1.50390625
1293,625887,6,0,0.384765625,1,NaN,0.80078125,NaN
1294,626297,6,0,NaN,1,NaN,0.80078125,NaN
1295,626707,6,0,NaN,1,NaN,0.798828125,NaN
1296,627116,6,0,NaN,1,NaN,0.80078125,NaN
1297,627526,6,0,NaN,1,NaN,0.798828125,NaN
1298,627935,6,0,NaN,1,NaN,0.80078125,NaN
1299,628345,6,0,NaN,1,NaN,0.798828125,NaN
1300,628754,6,0,NaN,1,NaN,0.80078125,NaN
1301,629164,6,1,NaN,NaN,1,1.12109375,1.6953125
1302,629738,6,0,0.57421875,1,NaN,0.798828125,NaN
1303,630147,6,0,NaN,1,NaN,0.80078125,NaN
1304,630557,6,0,NaN,1,NaN,0.798828125,NaN
1305,630966,6,0,NaN,1,NaN,0.80078125,NaN
1306,631376,6,0,NaN,1,NaN,0.798828125,NaN
1307,631785,6,0,NaN,1,NaN,0.80078125,NaN
1308,632195,6,0,NaN,1,NaN,0.80078125,NaN
1309,632605,6,0,NaN,1,NaN,0.798828125,NaN
1310,633014,6,0,NaN,0,NaN,0.80078125,0.83203125
1311,633424,6,0,0.03125,1,NaN,0.798828125,NaN
1312,633833,6,0,NaN,1,NaN,0.80078125,NaN
1313,634243,6,0,NaN,1,NaN,0.798828125,NaN
1314,634652,6,0,NaN,1,NaN,0.80078125,NaN
1315,635062,6,1,NaN,NaN,0,1.119140625,NaN
1316,635635,6,0,NaN,1,NaN,0.80078125,NaN
1317,636045,6,0,NaN,0,NaN,0.798828125,0.9765625
1318,636454,6,0,0.177734375,1,NaN,0.80078125,NaN
1319,636864,6,0,NaN,1,NaN,0.80078125,NaN
1320,637274,6,0,NaN,1,NaN,0.798828125,NaN
1321,637683,6,0,NaN,1,NaN,0.80078125,NaN
1322,638093,6,0,NaN,1,NaN,0.798828125,NaN
1323,638502,6,1,NaN,NaN,0,1.12109375,NaN
1324,639076,6,0,NaN,1,NaN,0.798828125,NaN
1325,639485,6,0,NaN,1,NaN,0.80078125,NaN
1326,639895,6,0,NaN,1,NaN,0.798828125,NaN
1327,640304,6,0,NaN,1,NaN,0.80078125,NaN
1328,640714,6,0,NaN,1,NaN,0.798828125,NaN
1329,641123,6,0,NaN,1,NaN,0.80078125,NaN
1330,641533,6,0,NaN,1,NaN,0.80078125,NaN
1331,641943,6,0,NaN,1,NaN,0.798828125,NaN
1332,642352,6,0,NaN,1,NaN,0.80078125,NaN
1333,642762,6,0,NaN,1,NaN,0.798828125,NaN
1334,643171,6,0,NaN,1,NaN,0.80078125,NaN
1335,643581,6,0,NaN,1,NaN,0.798828125,NaN
1336,643990,6,1,NaN,NaN,1,1.12109375,2.568359375
1337,644564,6,0,NaN,1,NaN,0.798828125,NaN
1338,644973,6,0,0.6484375,1,NaN,0.80078125,NaN
1339,645383,6,0,NaN,1,NaN,0.80078125,NaN
1340,645793,6,0,NaN,1,NaN,0.798828125,NaN
1341,646202,6,0,NaN,1,NaN,0.798828125,NaN
1342,646611,6,0,NaN,1,NaN,0.80078125,NaN
1343,647021,6,0,NaN,1,NaN,0.80078125,NaN
1344,647431,6,0,NaN,1,NaN,0.798828125,NaN
1345,647840,6,0,NaN,1,NaN,0.80078125,NaN
1346,648250,6,0,NaN,1,NaN,0.80078125,NaN
1347,648660,6,0,NaN,1,NaN,0.798828125,NaN
1348,649069,6,0,NaN,1,NaN,35.09765625,NaN
1349,667039,7,0,NaN,1,NaN,0.80078125,NaN
1350,667449,7,0,NaN,1,NaN,0.798828125,NaN
1351,667858,7,0,NaN,1,NaN,0.80078125,NaN
1352,668268,7,0,NaN,1,NaN,0.798828125,NaN
1353,668677,7,0,NaN,1,NaN,0.80078125,NaN
1354,669087,7,0,NaN,1,NaN,0.798828125,NaN
1355,669496,7,0,NaN,1,NaN,0.80078125,NaN
1356,669906,7,0,NaN,1,NaN,0.80078125,NaN
1357,670316,7,0,NaN,1,NaN,0.798828125,NaN
1358,670725,7,0,NaN,1,NaN,0.80078125,NaN
1359,671135,7,0,NaN,1,NaN,0.798828125,NaN
1360,671544,7,0,NaN,1,NaN,0.80078125,NaN
1361,671954,7,0,NaN,1,NaN,0.798828125,NaN
1362,672363,7,0,NaN,1,NaN,0.80078125,NaN
1363,672773,7,0,NaN,1,NaN,0.80078125,NaN
1364,673183,7,1,NaN,NaN,1,1.119140625,1.25
1365,673756,7,0,0.130859375,1,NaN,0.798828125,NaN
1366,674165,7,0,NaN,1,NaN,0.80078125,NaN
1367,674575,7,0,NaN,1,NaN,0.80078125,NaN
1368,674985,7,0,NaN,1,NaN,0.798828125,NaN
1369,675394,7,0,NaN,1,NaN,0.80078125,NaN
1370,675804,7,0,NaN,1,NaN,0.798828125,NaN
1371,676213,7,0,NaN,1,NaN,0.80078125,NaN
1372,676623,7,0,NaN,1,NaN,0.80078125,NaN
1373,677033,7,0,NaN,1,NaN,0.798828125,NaN
1374,677442,7,0,NaN,1,NaN,0.80078125,NaN
1375,677852,7,0,NaN,1,NaN,0.798828125,NaN
1376,678261,7,0,NaN,1,NaN,0.80078125,NaN
1377,678671,7,0,NaN,1,NaN,0.798828125,NaN
1378,679080,7,1,NaN,NaN,0,1.12109375,NaN
1379,679654,7,0,NaN,1,NaN,0.798828125,NaN
1380,680063,7,0,NaN,1,NaN,0.80078125,NaN
1381,680473,7,0,NaN,1,NaN,0.80078125,NaN
1382,680883,7,0,NaN,1,NaN,0.798828125,NaN
1383,681292,7,0,NaN,1,NaN,0.798828125,NaN
1384,681701,7,0,NaN,1,NaN,0.80078125,NaN
1385,682111,7,1,NaN,NaN,1,1.12109375,1.275390625
1386,682685,7,0,0.154296875,1,NaN,0.798828125,NaN
1387,683094,7,0,NaN,1,NaN,0.80078125,NaN
1388,683504,7,0,NaN,1,NaN,0.798828125,NaN
1389,683913,7,0,NaN,1,NaN,0.80078125,NaN
1390,684323,7,0,NaN,1,NaN,0.80078125,NaN
1391,684733,7,0,NaN,1,NaN,0.798828125,NaN
1392,685142,7,0,NaN,1,NaN,0.798828125,NaN
1393,685551,7,0,NaN,1,NaN,0.80078125,NaN
1394,685961,7,0,NaN,1,NaN,0.80078125,NaN
1395,686371,7,0,NaN,1,NaN,0.798828125,NaN
1396,686780,7,0,NaN,1,NaN,0.80078125,NaN
1397,687190,7,0,NaN,1,NaN,0.798828125,NaN
1398,687599,7,1,NaN,NaN,1,1.12109375,1.32421875
1399,688173,7,0,0.203125,1,NaN,0.798828125,NaN
1400,688582,7,0,NaN,1,NaN,0.80078125,NaN
1401,688992,7,0,NaN,1,NaN,0.80078125,NaN
1402,689402,7,0,NaN,1,NaN,0.798828125,NaN
1403,689811,7,0,NaN,1,NaN,0.80078125,NaN
1404,690221,7,0,NaN,1,NaN,0.798828125,NaN
1405,690630,7,0,NaN,1,NaN,0.80078125,NaN
1406,691040,7,0,NaN,1,NaN,0.798828125,NaN
1407,691449,7,0,NaN,0,NaN,0.80078125,1.443359375
1408,691859,7,0,0.642578125,1,NaN,0.80078125,NaN
1409,692269,7,0,NaN,1,NaN,0.798828125,NaN
1410,692678,7,1,NaN,NaN,0,1.119140625,NaN
1411,693251,7,0,NaN,1,NaN,0.80078125,NaN
1412,693661,7,0,NaN,1,NaN,0.798828125,NaN
1413,694070,7,0,NaN,1,NaN,0.80078125,NaN
1414,694480,7,0,NaN,1,NaN,0.80078125,NaN
1415,694890,7,0,NaN,1,NaN,0.798828125,NaN
1416,695299,7,0,NaN,1,NaN,0.80078125,NaN
1417,695709,7,0,NaN,1,NaN,0.798828125,NaN
1418,696118,7,0,NaN,1,NaN,0.80078125,NaN
1419,696528,7,0,NaN,1,NaN,0.80078125,NaN
1420,696938,7,0,NaN,1,NaN,0.798828125,NaN
1421,697347,7,0,NaN,1,NaN,0.798828125,NaN
1422,697756,7,0,NaN,1,NaN,0.80078125,NaN
1423,698166,7,0,NaN,1,NaN,0.80078125,NaN
1424,698576,7,0,NaN,1,NaN,0.798828125,NaN
1425,698985,7,1,NaN,NaN,0,1.12109375,NaN
1426,699559,7,0,NaN,1,NaN,0.798828125,NaN
1427,699968,7,0,NaN,1,NaN,0.80078125,NaN
1428,700378,7,0,NaN,1,NaN,0.798828125,NaN
1429,700787,7,0,NaN,0,NaN,0.80078125,1.091796875
1430,701197,7,0,0.291015625,1,NaN,0.798828125,NaN
1431,701606,7,0,NaN,1,NaN,0.80078125,NaN
1432,702016,7,1,NaN,NaN,1,1.12109375,2.251953125
1433,702590,7,0,NaN,1,NaN,0.798828125,NaN
1434,702999,7,0,0.33203125,1,NaN,0.80078125,NaN
1435,703409,7,0,NaN,1,NaN,0.798828125,NaN
1436,703818,7,0,NaN,1,NaN,0.80078125,NaN
1437,704228,7,0,NaN,1,NaN,0.798828125,NaN
1438,704637,7,0,NaN,1,NaN,0.80078125,NaN
1439,705047,7,0,NaN,1,NaN,0.80078125,NaN
1440,705457,7,0,NaN,1,NaN,0.798828125,NaN
1441,705866,7,0,NaN,1,NaN,0.798828125,NaN
1442,706275,7,0,NaN,1,NaN,0.80078125,NaN
1443,706685,7,0,NaN,1,NaN,0.80078125,NaN
1444,707095,7,0,NaN,1,NaN,0.798828125,NaN
1445,707504,7,0,NaN,1,NaN,0.80078125,NaN
1446,707914,7,1,NaN,NaN,0,1.119140625,NaN
1447,708487,7,0,NaN,1,NaN,0.80078125,NaN
1448,708897,7,0,NaN,1,NaN,0.798828125,NaN
1449,709306,7,0,NaN,1,NaN,0.80078125,NaN
1450,709716,7,0,NaN,1,NaN,0.798828125,NaN
1451,710125,7,0,NaN,1,NaN,0.80078125,NaN
1452,710535,7,0,NaN,1,NaN,0.80078125,NaN
1453,710945,7,0,NaN,1,NaN,0.798828125,NaN
1454,711354,7,0,NaN,1,NaN,0.80078125,NaN
1455,711764,7,0,NaN,1,NaN,0.798828125,NaN
1456,712173,7,0,NaN,1,NaN,0.80078125,NaN
1457,712583,7,0,NaN,1,NaN,0.798828125,NaN
1458,712992,7,0,NaN,1,NaN,0.80078125,NaN
1459,713402,7,1,NaN,NaN,1,1.12109375,1.203125
1460,713976,7,0,0.08203125,1,NaN,0.798828125,NaN
1461,714385,7,0,NaN,1,NaN,0.798828125,NaN
1462,714794,7,0,NaN,1,NaN,0.80078125,NaN
1463,715204,7,0,NaN,1,NaN,0.80078125,NaN
1464,715614,7,0,NaN,1,NaN,0.798828125,NaN
1465,716023,7,0,NaN,1,NaN,0.80078125,NaN
1466,716433,7,0,NaN,1,NaN,0.80078125,NaN
1467,716843,7,0,NaN,1,NaN,0.798828125,NaN
1468,717252,7,0,NaN,1,NaN,0.80078125,NaN
1469,717662,7,0,NaN,1,NaN,0.798828125,NaN
1470,718071,7,0,NaN,1,NaN,0.80078125,NaN
1471,718481,7,1,NaN,NaN,1,1.119140625,1.1875
1472,719054,7,0,0.068359375,1,NaN,0.80078125,NaN
1473,719464,7,0,NaN,1,NaN,0.798828125,NaN
1474,719873,7,0,NaN,1,NaN,0.80078125,NaN
1475,720283,7,0,NaN,1,NaN,0.798828125,NaN
1476,720692,7,0,NaN,1,NaN,0.80078125,NaN
1477,721102,7,0,NaN,1,NaN,0.80078125,NaN
1478,721512,7,0,NaN,1,NaN,0.798828125,NaN
1479,721921,7,0,NaN,1,NaN,0.798828125,NaN
1480,722330,7,0,NaN,0,NaN,0.80078125,0.94921875
1481,722740,7,0,0.1484375,1,NaN,0.80078125,NaN
1482,723150,7,0,NaN,1,NaN,0.798828125,NaN
1483,723559,7,0,NaN,1,NaN,0.80078125,NaN
1484,723969,7,0,NaN,1,NaN,0.798828125,NaN
1485,724378,7,1,NaN,NaN,0,1.12109375,NaN
1486,724952,7,0,NaN,1,NaN,0.798828125,NaN
1487,725361,7,0,NaN,0,NaN,0.80078125,0.84375
1488,725771,7,0,0.04296875,1,NaN,0.798828125,NaN
1489,726180,7,0,NaN,1,NaN,0.80078125,NaN
1490,726590,7,0,NaN,1,NaN,0.80078125,NaN
1491,727000,7,0,NaN,1,NaN,0.798828125,NaN
1492,727409,7,0,NaN,1,NaN,0.80078125,NaN
1493,727819,7,0,NaN,1,NaN,0.798828125,NaN
1494,728228,7,1,NaN,NaN,0,1.12109375,NaN
1495,728802,7,0,NaN,1,NaN,0.798828125,NaN
1496,729211,7,0,NaN,1,NaN,0.80078125,NaN
1497,729621,7,0,NaN,1,NaN,0.80078125,NaN
1498,730031,7,0,NaN,1,NaN,0.798828125,NaN
1499,730440,7,0,NaN,1,NaN,0.80078125,NaN
1500,730850,7,0,NaN,1,NaN,0.798828125,NaN
1501,731259,7,0,NaN,1,NaN,0.80078125,NaN
1502,731669,7,1,NaN,NaN,0,1.119140625,NaN
1503,732242,7,0,NaN,1,NaN,0.80078125,NaN
1504,732652,7,0,NaN,1,NaN,0.798828125,NaN
1505,733061,7,0,NaN,1,NaN,0.80078125,NaN
1506,733471,7,0,NaN,1,NaN,0.798828125,NaN
1507,733880,7,0,NaN,1,NaN,0.80078125,NaN
1508,734290,7,0,NaN,1,NaN,0.80078125,NaN
1509,734700,7,0,NaN,1,NaN,0.798828125,NaN
1510,735109,7,0,NaN,1,NaN,0.80078125,NaN
1511,735519,7,0,NaN,1,NaN,0.798828125,NaN
1512,735928,7,1,NaN,NaN,1,1.119140625,1.31640625
1513,736501,7,0,0.197265625,1,NaN,0.80078125,NaN
1514,736911,7,0,NaN,1,NaN,0.80078125,NaN
1515,737321,7,0,NaN,1,NaN,0.798828125,NaN
1516,737730,7,0,NaN,1,NaN,0.80078125,NaN
1517,738140,7,0,NaN,1,NaN,0.80078125,NaN
1518,738550,7,0,NaN,1,NaN,0.798828125,NaN
1519,738959,7,0,NaN,1,NaN,0.80078125,NaN
1520,739369,7,0,NaN,1,NaN,0.798828125,NaN
1521,739778,7,0,NaN,0,NaN,0.80078125,0.99609375
1522,740188,7,0,0.1953125,1,NaN,0.798828125,NaN
1523,740597,7,0,NaN,1,NaN,0.80078125,NaN
1524,741007,7,0,NaN,1,NaN,0.80078125,NaN
1525,741417,7,0,NaN,1,NaN,0.798828125,NaN
1526,741826,7,0,NaN,1,NaN,0.798828125,NaN
1527,742235,7,1,NaN,NaN,1,1.12109375,2.01953125
1528,742809,7,0,NaN,1,NaN,0.80078125,NaN
1529,743219,7,0,0.09765625,1,NaN,0.798828125,NaN
1530,743628,7,0,NaN,1,NaN,0.80078125,NaN
1531,744038,7,0,NaN,1,NaN,0.798828125,NaN
1532,744447,7,0,NaN,1,NaN,0.80078125,NaN
1533,744857,7,0,NaN,1,NaN,0.798828125,NaN
1534,745266,7,0,NaN,1,NaN,0.80078125,NaN
1535,745676,7,0,NaN,1,NaN,0.798828125,NaN
1536,746085,7,0,NaN,1,NaN,0.80078125,NaN
1537,746495,7,0,NaN,1,NaN,0.80078125,NaN
1538,746905,7,0,NaN,1,NaN,0.798828125,NaN
1539,747314,7,0,NaN,1,NaN,0.80078125,NaN
1540,747724,7,0,NaN,1,NaN,0.798828125,NaN
1541,748133,7,0,NaN,1,NaN,0.80078125,NaN
1542,748543,7,1,NaN,NaN,0,1.119140625,NaN
1543,749116,7,0,NaN,1,NaN,0.80078125,NaN
1544,749526,7,0,NaN,1,NaN,0.80078125,NaN
1545,749936,7,0,NaN,1,NaN,0.798828125,NaN
1546,750345,7,0,NaN,1,NaN,0.80078125,NaN
1547,750755,7,0,NaN,1,NaN,0.798828125,NaN
1548,751164,7,0,NaN,1,NaN,0.80078125,NaN
1549,751574,7,0,NaN,1,NaN,0.798828125,NaN
1550,751983,7,0,NaN,1,NaN,0.80078125,NaN
1551,752393,7,0,NaN,1,NaN,0.798828125,NaN
1552,752802,7,0,NaN,1,NaN,0.80078125,NaN
1553,753212,7,0,NaN,1,NaN,0.80078125,NaN
1554,753622,7,0,NaN,0,NaN,0.798828125,0.9296875
1555,754031,7,0,0.130859375,1,NaN,0.798828125,NaN
1556,754440,7,1,NaN,NaN,0,1.12109375,NaN
1557,755014,7,0,NaN,1,NaN,0.80078125,NaN
1558,755424,7,0,NaN,1,NaN,0.798828125,NaN
1559,755833,7,0,NaN,1,NaN,0.80078125,NaN
1560,756243,7,0,NaN,1,NaN,0.798828125,NaN
1561,756652,7,0,NaN,1,NaN,0.80078125,NaN
1562,757062,7,0,NaN,1,NaN,0.798828125,NaN
1563,757471,7,0,NaN,1,NaN,0.80078125,NaN
1564,757881,7,0,NaN,1,NaN,0.80078125,NaN
1565,758291,7,0,NaN,1,NaN,0.798828125,NaN
1566,758700,7,0,NaN,1,NaN,0.80078125,NaN
1567,759110,7,0,NaN,1,NaN,0.798828125,NaN
1568,759519,7,0,NaN,1,NaN,0.80078125,NaN
1569,759929,7,0,NaN,1,NaN,0.80078125,NaN
1570,760339,7,0,NaN,1,NaN,0.798828125,NaN
1571,760748,7,1,NaN,NaN,1,1.12109375,1.603515625
1572,761322,7,0,0.482421875,1,NaN,0.798828125,NaN
1573,761731,7,0,NaN,1,NaN,39.822265625,NaN
1574,782120,8,0,NaN,1,NaN,0.798828125,NaN
1575,782529,8,0,NaN,1,NaN,0.80078125,NaN
1576,782939,8,0,NaN,1,NaN,0.798828125,NaN
1577,783348,8,0,NaN,1,NaN,0.80078125,NaN
1578,783758,8,0,NaN,1,NaN,0.80078125,NaN
1579,784168,8,0,NaN,1,NaN,0.798828125,NaN
1580,784577,8,0,NaN,1,NaN,0.798828125,NaN
1581,784986,8,0,NaN,1,NaN,0.80078125,NaN
1582,785396,8,1,NaN,NaN,1,1.12109375,1.794921875
1583,785970,8,0,0.673828125,1,NaN,0.798828125,NaN
1584,786379,8,0,NaN,1,NaN,0.798828125,NaN
1585,786788,8,0,NaN,1,NaN,0.80078125,NaN
1586,787198,8,0,NaN,1,NaN,0.80078125,NaN
1587,787608,8,0,NaN,1,NaN,0.798828125,NaN
1588,788017,8,0,NaN,1,NaN,0.80078125,NaN
1589,788427,8,0,NaN,1,NaN,0.798828125,NaN
1590,788836,8,0,NaN,1,NaN,0.80078125,NaN
1591,789246,8,0,NaN,1,NaN,0.80078125,NaN
1592,789656,8,0,NaN,1,NaN,0.798828125,NaN
1593,790065,8,0,NaN,1,NaN,0.80078125,NaN
1594,790475,8,0,NaN,1,NaN,0.798828125,NaN
1595,790884,8,0,NaN,0,NaN,0.80078125,1.474609375
1596,791294,8,1,0.673828125,NaN,0,1.119140625,NaN
1597,791867,8,0,NaN,1,NaN,0.80078125,NaN
1598,792277,8,0,NaN,1,NaN,0.798828125,NaN
1599,792686,8,0,NaN,1,NaN,0.80078125,NaN
1600,793096,8,0,NaN,1,NaN,0.798828125,NaN
1601,793505,8,0,NaN,1,NaN,0.80078125,NaN
1602,793915,8,0,NaN,1,NaN,0.798828125,NaN
1603,794324,8,1,NaN,NaN,1,1.12109375,1.36328125
1604,794898,8,0,0.2421875,1,NaN,0.80078125,NaN
1605,795308,8,0,NaN,1,NaN,0.798828125,NaN
1606,795717,8,0,NaN,1,NaN,0.80078125,NaN
1607,796127,8,0,NaN,1,NaN,0.798828125,NaN
1608,796536,8,0,NaN,1,NaN,0.80078125,NaN
1609,796946,8,0,NaN,1,NaN,0.798828125,NaN
1610,797355,8,0,NaN,1,NaN,0.80078125,NaN
1611,797765,8,0,NaN,1,NaN,0.798828125,NaN
1612,798174,8,0,NaN,1,NaN,0.80078125,NaN
1613,798584,8,0,NaN,1,NaN,0.80078125,NaN
1614,798994,8,0,NaN,1,NaN,0.798828125,NaN
1615,799403,8,0,NaN,0,NaN,0.80078125,0.986328125
1616,799813,8,0,0.185546875,1,NaN,0.80078125,NaN
1617,800223,8,1,NaN,NaN,0,1.119140625,NaN
1618,800796,8,0,NaN,1,NaN,0.798828125,NaN
1619,801205,8,0,NaN,1,NaN,0.80078125,NaN
1620,801615,8,0,NaN,1,NaN,0.80078125,NaN
1621,802025,8,0,NaN,1,NaN,0.798828125,NaN
1622,802434,8,0,NaN,1,NaN,0.798828125,NaN
1623,802843,8,0,NaN,1,NaN,0.80078125,NaN
1624,803253,8,0,NaN,1,NaN,0.80078125,NaN
1625,803663,8,1,NaN,NaN,0,1.119140625,NaN
1626,804236,8,0,NaN,1,NaN,0.80078125,NaN
1627,804646,8,0,NaN,1,NaN,0.798828125,NaN
1628,805055,8,0,NaN,1,NaN,0.80078125,NaN
1629,805465,8,0,NaN,1,NaN,0.80078125,NaN
1630,805875,8,0,NaN,1,NaN,0.798828125,NaN
1631,806284,8,0,NaN,1,NaN,0.798828125,NaN
1632,806693,8,0,NaN,1,NaN,0.80078125,NaN
1633,807103,8,0,NaN,1,NaN,0.80078125,NaN
1634,807513,8,0,NaN,1,NaN,0.798828125,NaN
1635,807922,8,0,NaN,1,NaN,0.80078125,NaN
1636,808332,8,0,NaN,1,NaN,0.798828125,NaN
1637,808741,8,1,NaN,NaN,1,1.12109375,1.314453125
1638,809315,8,0,0.193359375,1,NaN,0.798828125,NaN
1639,809724,8,0,NaN,1,NaN,0.80078125,NaN
1640,810134,8,0,NaN,1,NaN,0.798828125,NaN
1641,810543,8,0,NaN,1,NaN,0.80078125,NaN
1642,810953,8,0,NaN,1,NaN,0.798828125,NaN
1643,811362,8,0,NaN,1,NaN,0.80078125,NaN
1644,811772,8,1,NaN,NaN,1,1.12109375,1.8984375
1645,812346,8,0,0.77734375,1,NaN,0.798828125,NaN
1646,812755,8,0,NaN,1,NaN,0.80078125,NaN
1647,813165,8,0,NaN,1,NaN,0.798828125,NaN
1648,813574,8,0,NaN,1,NaN,0.80078125,NaN
1649,813984,8,0,NaN,1,NaN,0.80078125,NaN
1650,814394,8,0,NaN,1,NaN,0.798828125,NaN
1651,814803,8,0,NaN,1,NaN,0.798828125,NaN
1652,815212,8,0,NaN,1,NaN,0.80078125,NaN
1653,815622,8,0,NaN,1,NaN,0.798828125,NaN
1654,816031,8,0,NaN,1,NaN,0.80078125,NaN
1655,816441,8,0,NaN,1,NaN,0.80078125,NaN
1656,816851,8,0,NaN,1,NaN,0.798828125,NaN
1657,817260,8,0,NaN,1,NaN,0.80078125,NaN
1658,817670,8,1,NaN,NaN,0,1.119140625,NaN
1659,818243,8,0,NaN,1,NaN,0.80078125,NaN
1660,818653,8,0,NaN,1,NaN,0.798828125,NaN
1661,819062,8,0,NaN,1,NaN,0.80078125,NaN
1662,819472,8,0,NaN,1,NaN,0.80078125,NaN
1663,819882,8,0,NaN,1,NaN,0.798828125,NaN
1664,820291,8,0,NaN,1,NaN,0.80078125,NaN
1665,820701,8,0,NaN,1,NaN,0.798828125,NaN
1666,821110,8,1,NaN,NaN,1,1.12109375,1.259765625
1667,821684,8,0,0.138671875,1,NaN,0.798828125,NaN
1668,822093,8,0,NaN,1,NaN,0.80078125,NaN
1669,822503,8,0,NaN,0,NaN,0.798828125,1.59375
1670,822912,8,0,0.794921875,1,NaN,1.599609375,NaN
1671,823731,8,0,NaN,1,NaN,0.80078125,NaN
1672,824141,8,0,NaN,1,NaN,0.80078125,NaN
1673,824551,8,0,NaN,1,NaN,0.798828125,NaN
1674,824960,8,0,NaN,1,NaN,0.80078125,NaN
1675,825370,8,0,NaN,1,NaN,0.798828125,NaN
1676,825779,8,0,NaN,1,NaN,0.80078125,NaN
1677,826189,8,0,NaN,1,NaN,0.80078125,NaN
1678,826599,8,0,NaN,1,NaN,0.798828125,NaN
1679,827008,8,1,NaN,NaN,0,1.12109375,NaN
1680,827582,8,0,NaN,1,NaN,0.798828125,NaN
1681,827991,8,0,NaN,0,NaN,0.80078125,1.41796875
1682,828401,8,0,0.6171875,1,NaN,0.798828125,NaN
1683,828810,8,0,NaN,1,NaN,0.80078125,NaN
1684,829220,8,0,NaN,1,NaN,0.798828125,NaN
1685,829629,8,0,NaN,1,NaN,0.80078125,NaN
1686,830039,8,0,NaN,0,NaN,0.80078125,1.482421875
1687,830449,8,0,0.681640625,1,NaN,0.798828125,NaN
1688,830858,8,0,NaN,1,NaN,0.798828125,NaN
1689,831267,8,0,NaN,1,NaN,0.80078125,NaN
1690,831677,8,0,NaN,1,NaN,0.80078125,NaN
1691,832087,8,0,NaN,1,NaN,0.798828125,NaN
1692,832496,8,0,NaN,1,NaN,0.80078125,NaN
1693,832906,8,0,NaN,1,NaN,0.798828125,NaN
1694,833315,8,1,NaN,NaN,1,1.12109375,1.32421875
1695,833889,8,0,0.203125,1,NaN,0.798828125,NaN
1696,834298,8,0,NaN,1,NaN,0.80078125,NaN
1697,834708,8,0,NaN,1,NaN,0.798828125,NaN
1698,835117,8,0,NaN,1,NaN,0.80078125,NaN
1699,835527,8,0,NaN,1,NaN,0.80078125,NaN
1700,835937,8,0,NaN,1,NaN,0.798828125,NaN
1701,836346,8,1,NaN,NaN,0,1.119140625,NaN
1702,836919,8,0,NaN,1,NaN,0.80078125,NaN
1703,837329,8,0,NaN,1,NaN,0.80078125,NaN
1704,837739,8,0,NaN,1,NaN,0.798828125,NaN
1705,838148,8,0,NaN,1,NaN,0.80078125,NaN
1706,838558,8,0,NaN,1,NaN,0.798828125,NaN
1707,838967,8,0,NaN,1,NaN,0.80078125,NaN
1708,839377,8,0,NaN,1,NaN,0.798828125,NaN
1709,839786,8,0,NaN,0,NaN,0.80078125,1.01953125
1710,840196,8,0,0.21875,1,NaN,0.798828125,NaN
1711,840605,8,0,NaN,1,NaN,0.80078125,NaN
1712,841015,8,0,NaN,1,NaN,0.80078125,NaN
1713,841425,8,0,NaN,1,NaN,0.798828125,NaN
1714,841834,8,0,NaN,1,NaN,0.80078125,NaN
1715,842244,8,0,NaN,1,NaN,0.80078125,NaN
1716,842654,8,1,NaN,NaN,0,1.119140625,NaN
1717,843227,8,0,NaN,1,NaN,0.798828125,NaN
1718,843636,8,0,NaN,1,NaN,0.80078125,NaN
1719,844046,8,0,NaN,1,NaN,0.80078125,NaN
1720,844456,8,0,NaN,1,NaN,0.798828125,NaN
1721,844865,8,0,NaN,1,NaN,0.80078125,NaN
1722,845275,8,0,NaN,1,NaN,0.798828125,NaN
1723,845684,8,0,NaN,1,NaN,0.80078125,NaN
1724,846094,8,0,NaN,1,NaN,0.798828125,NaN
1725,846503,8,0,NaN,1,NaN,0.80078125,NaN
1726,846913,8,0,NaN,1,NaN,0.80078125,NaN
1727,847323,8,0,NaN,1,NaN,0.798828125,NaN
1728,847732,8,0,NaN,1,NaN,0.80078125,NaN
1729,848142,8,0,NaN,1,NaN,0.798828125,NaN
1730,848551,8,1,NaN,NaN,0,1.12109375,NaN
1731,849125,8,0,NaN,1,NaN,0.798828125,NaN
1732,849534,8,0,NaN,1,NaN,0.80078125,NaN
1733,849944,8,0,NaN,1,NaN,0.798828125,NaN
1734,850353,8,0,NaN,1,NaN,0.80078125,NaN
1735,850763,8,0,NaN,1,NaN,0.798828125,NaN
1736,851172,8,0,NaN,1,NaN,0.80078125,NaN
1737,851582,8,0,NaN,1,NaN,0.798828125,NaN
1738,851991,8,0,NaN,1,NaN,0.80078125,NaN
1739,852401,8,1,NaN,NaN,1,1.119140625,1.322265625
1740,852974,8,0,0.203125,1,NaN,0.80078125,NaN
1741,853384,8,0,NaN,1,NaN,0.80078125,NaN
1742,853794,8,0,NaN,1,NaN,0.798828125,NaN
1743,854203,8,0,NaN,1,NaN,0.80078125,NaN
1744,854613,8,0,NaN,1,NaN,0.798828125,NaN
1745,855022,8,0,NaN,1,NaN,0.80078125,NaN
1746,855432,8,0,NaN,1,NaN,0.798828125,NaN
1747,855841,8,0,NaN,1,NaN,0.80078125,NaN
1748,856251,8,0,NaN,1,NaN,0.80078125,NaN
1749,856661,8,0,NaN,1,NaN,0.798828125,NaN
1750,857070,8,0,NaN,1,NaN,0.80078125,NaN
1751,857480,8,1,NaN,NaN,1,1.119140625,2.07421875
1752,858053,8,0,NaN,1,NaN,0.80078125,NaN
1753,858463,8,0,0.154296875,1,NaN,0.798828125,NaN
1754,858872,8,0,NaN,1,NaN,0.80078125,NaN
1755,859282,8,0,NaN,1,NaN,0.798828125,NaN
1756,859691,8,0,NaN,1,NaN,0.80078125,NaN
1757,860101,8,0,NaN,1,NaN,0.798828125,NaN
1758,860510,8,0,NaN,1,NaN,0.80078125,NaN
1759,860920,8,0,NaN,1,NaN,0.80078125,NaN
1760,861330,8,0,NaN,1,NaN,0.798828125,NaN
1761,861739,8,0,NaN,1,NaN,0.80078125,NaN
1762,862149,8,0,NaN,1,NaN,0.798828125,NaN
1763,862558,8,1,NaN,NaN,0,1.12109375,NaN
1764,863132,8,0,NaN,1,NaN,0.80078125,NaN
1765,863542,8,0,NaN,1,NaN,0.798828125,NaN
1766,863951,8,0,NaN,1,NaN,0.798828125,NaN
1767,864360,8,0,NaN,1,NaN,0.80078125,NaN
1768,864770,8,0,NaN,1,NaN,0.798828125,NaN
1769,865179,8,0,NaN,1,NaN,0.80078125,NaN
1770,865589,8,0,NaN,1,NaN,0.80078125,NaN
1771,865999,8,0,NaN,1,NaN,0.798828125,NaN
1772,866408,8,0,NaN,1,NaN,0.80078125,NaN
1773,866818,8,0,NaN,1,NaN,0.80078125,NaN
1774,867228,8,0,NaN,0,NaN,0.798828125,1.10546875
1775,867637,8,1,0.306640625,NaN,0,1.12109375,NaN
1776,868211,8,0,NaN,1,NaN,0.798828125,NaN
1777,868620,8,0,NaN,1,NaN,0.80078125,NaN
1778,869030,8,0,NaN,1,NaN,0.798828125,NaN
1779,869439,8,0,NaN,0,NaN,0.80078125,0.890625
1780,869849,8,0,0.08984375,1,NaN,0.798828125,NaN
1781,870258,8,0,NaN,1,NaN,0.80078125,NaN
1782,870668,8,0,NaN,1,NaN,0.798828125,NaN
1783,871077,8,1,NaN,NaN,0,1.12109375,NaN
1784,871651,8,0,NaN,1,NaN,0.80078125,NaN
1785,872061,8,0,NaN,1,NaN,0.798828125,NaN
1786,872470,8,0,NaN,1,NaN,0.798828125,NaN
1787,872879,8,0,NaN,1,NaN,0.80078125,NaN
1788,873289,8,0,NaN,1,NaN,0.798828125,NaN
1789,873698,8,0,NaN,1,NaN,0.80078125,NaN
1790,874108,8,0,NaN,1,NaN,0.80078125,NaN
1791,874518,8,1,NaN,NaN,0,1.119140625,NaN
1792,875091,8,0,NaN,1,NaN,0.80078125,NaN
1793,875501,8,0,NaN,1,NaN,0.798828125,NaN
1794,875910,8,0,NaN,1,NaN,0.80078125,NaN
1795,876320,8,0,NaN,1,NaN,0.798828125,NaN
1796,876729,8,0,NaN,1,NaN,0.80078125,NaN
1797,877139,8,0,NaN,1,NaN,NaN,NaN
