TrialN,Sample,BlockN,StimType,rawRT,corrNT,corrTG,ITI,RT
1,2741,1,0,NaN,1,NaN,0.80078125,NaN
2,3151,1,0,NaN,1,NaN,0.798828125,NaN
3,3560,1,0,NaN,1,NaN,0.798828125,NaN
4,3969,1,0,NaN,1,NaN,0.80078125,NaN
5,4379,1,0,NaN,1,NaN,0.80078125,NaN
6,4789,1,0,NaN,1,NaN,0.798828125,NaN
7,5198,1,0,NaN,1,NaN,0.80078125,NaN
8,5608,1,1,NaN,NaN,1,1.119140625,1.166015625
9,6181,1,0,0.046875,1,NaN,0.80078125,NaN
10,6591,1,0,NaN,1,NaN,0.798828125,NaN
11,7000,1,0,NaN,1,NaN,0.80078125,NaN
12,7410,1,0,NaN,1,NaN,0.798828125,NaN
13,7819,1,0,NaN,1,NaN,0.80078125,NaN
14,8229,1,0,NaN,1,NaN,0.798828125,NaN
15,8638,1,0,NaN,1,NaN,0.80078125,NaN
16,9048,1,0,NaN,1,NaN,0.80078125,NaN
17,9458,1,1,NaN,NaN,1,1.119140625,1.181640625
18,10031,1,0,0.0625,1,NaN,0.80078125,NaN
19,10441,1,0,NaN,1,NaN,0.798828125,NaN
20,10850,1,0,NaN,1,NaN,0.80078125,NaN
21,11260,1,0,NaN,1,NaN,0.798828125,NaN
22,11669,1,0,NaN,1,NaN,0.80078125,NaN
23,12079,1,0,NaN,1,NaN,0.798828125,NaN
24,12488,1,0,NaN,1,NaN,0.80078125,NaN
25,12898,1,0,NaN,1,NaN,0.80078125,NaN
26,13308,1,1,NaN,NaN,1,1.119140625,1.23828125
27,13881,1,0,0.119140625,1,NaN,0.798828125,NaN
28,14290,1,0,NaN,1,NaN,0.80078125,NaN
29,14700,1,0,NaN,1,NaN,0.80078125,NaN
30,15110,1,0,NaN,1,NaN,0.798828125,NaN
31,15519,1,0,NaN,1,NaN,0.80078125,NaN
32,15929,1,0,NaN,1,NaN,0.798828125,NaN
33,16338,1,0,NaN,1,NaN,0.80078125,NaN
34,16748,1,0,NaN,1,NaN,0.798828125,NaN
35,17157,1,0,NaN,1,NaN,0.80078125,NaN
36,17567,1,0,NaN,1,NaN,0.80078125,NaN
37,17977,1,0,NaN,1,NaN,0.798828125,NaN
38,18386,1,1,NaN,NaN,1,1.12109375,1.447265625
39,18960,1,0,0.326171875,1,NaN,0.798828125,NaN
40,19369,1,0,NaN,1,NaN,0.80078125,NaN
41,19779,1,0,NaN,1,NaN,0.798828125,NaN
42,20188,1,0,NaN,1,NaN,0.80078125,NaN
43,20598,1,0,NaN,1,NaN,0.798828125,NaN
44,21007,1,0,NaN,1,NaN,0.80078125,NaN
45,21417,1,1,NaN,NaN,1,1.12109375,1.302734375
46,21991,1,0,0.181640625,1,NaN,0.798828125,NaN
47,22400,1,0,NaN,1,NaN,0.798828125,NaN
48,22809,1,0,NaN,1,NaN,0.80078125,NaN
49,23219,1,0,NaN,1,NaN,0.80078125,NaN
50,23629,1,0,NaN,1,NaN,0.798828125,NaN
51,24038,1,0,NaN,1,NaN,0.80078125,NaN
52,24448,1,0,NaN,1,NaN,0.798828125,NaN
53,24857,1,0,NaN,1,NaN,0.80078125,NaN
54,25267,1,0,NaN,1,NaN,0.798828125,NaN
55,25676,1,1,NaN,NaN,1,1.12109375,1.3203125
56,26250,1,0,0.19921875,1,NaN,0.798828125,NaN
57,26659,1,0,NaN,1,NaN,0.80078125,NaN
58,27069,1,0,NaN,1,NaN,0.80078125,NaN
59,27479,1,0,NaN,1,NaN,0.798828125,NaN
60,27888,1,0,NaN,1,NaN,0.80078125,NaN
61,28298,1,0,NaN,1,NaN,0.80078125,NaN
62,28708,1,0,NaN,1,NaN,0.798828125,NaN
63,29117,1,1,NaN,NaN,1,1.119140625,1.3515625
64,29690,1,0,0.232421875,1,NaN,0.80078125,NaN
65,30100,1,0,NaN,1,NaN,0.798828125,NaN
66,30509,1,0,NaN,1,NaN,0.80078125,NaN
67,30919,1,0,NaN,1,NaN,0.798828125,NaN
68,31328,1,0,NaN,1,NaN,0.80078125,NaN
69,31738,1,0,NaN,1,NaN,0.80078125,NaN
70,32148,1,0,NaN,1,NaN,0.798828125,NaN
71,32557,1,0,NaN,1,NaN,0.80078125,NaN
72,32967,1,0,NaN,1,NaN,0.798828125,NaN
73,33376,1,0,NaN,1,NaN,0.80078125,NaN
74,33786,1,1,NaN,NaN,1,1.12109375,1.271484375
75,34360,1,0,0.150390625,1,NaN,0.798828125,NaN
76,34769,1,0,NaN,1,NaN,0.798828125,NaN
77,35178,1,0,NaN,1,NaN,0.80078125,NaN
78,35588,1,0,NaN,1,NaN,0.80078125,NaN
79,35998,1,0,NaN,1,NaN,0.798828125,NaN
80,36407,1,0,NaN,1,NaN,0.80078125,NaN
81,36817,1,0,NaN,1,NaN,0.798828125,NaN
82,37226,1,1,NaN,NaN,1,1.12109375,1.19140625
83,37800,1,0,0.0703125,1,NaN,0.798828125,NaN
84,38209,1,0,NaN,1,NaN,0.80078125,NaN
85,38619,1,0,NaN,1,NaN,0.798828125,NaN
86,39028,1,0,NaN,1,NaN,0.80078125,NaN
87,39438,1,0,NaN,1,NaN,0.798828125,NaN
88,39847,1,0,NaN,1,NaN,0.80078125,NaN
89,40257,1,0,NaN,1,NaN,0.80078125,NaN
90,40667,1,0,NaN,1,NaN,0.798828125,NaN
91,41076,1,0,NaN,1,NaN,0.80078125,NaN
92,41486,1,1,NaN,NaN,1,1.119140625,1.19140625
93,42059,1,0,0.072265625,1,NaN,0.80078125,NaN
94,42469,1,0,NaN,1,NaN,0.798828125,NaN
95,42878,1,0,NaN,1,NaN,0.80078125,NaN
96,43288,1,0,NaN,1,NaN,0.798828125,NaN
97,43697,1,0,NaN,1,NaN,0.80078125,NaN
98,44107,1,0,NaN,1,NaN,0.80078125,NaN
99,44517,1,0,NaN,1,NaN,0.798828125,NaN
100,44926,1,0,NaN,1,NaN,0.80078125,NaN
101,45336,1,0,NaN,1,NaN,0.798828125,NaN
102,45745,1,0,NaN,1,NaN,0.80078125,NaN
103,46155,1,0,NaN,1,NaN,0.798828125,NaN
104,46564,1,1,1.119140625,NaN,1,1.919921875,1.119140625
105,47547,1,0,NaN,1,NaN,0.80078125,NaN
106,47957,1,0,NaN,1,NaN,0.798828125,NaN
107,48366,1,0,NaN,1,NaN,0.80078125,NaN
108,48776,1,0,NaN,0,NaN,0.80078125,1.494140625
109,49186,1,0,0.693359375,1,NaN,0.798828125,NaN
110,49595,1,0,NaN,1,NaN,0.80078125,NaN
111,50005,1,0,NaN,1,NaN,0.798828125,NaN
112,50414,1,0,NaN,1,NaN,0.80078125,NaN
113,50824,1,1,NaN,NaN,1,1.12109375,1.3828125
114,51398,1,0,0.26171875,1,NaN,0.798828125,NaN
115,51807,1,0,NaN,1,NaN,0.798828125,NaN
116,52216,1,0,NaN,1,NaN,0.80078125,NaN
117,52626,1,0,NaN,1,NaN,0.798828125,NaN
118,53035,1,0,NaN,1,NaN,0.80078125,NaN
119,53445,1,0,NaN,1,NaN,0.80078125,NaN
120,53855,1,0,NaN,1,NaN,0.798828125,NaN
121,54264,1,0,NaN,1,NaN,0.80078125,NaN
122,54674,1,0,NaN,1,NaN,0.798828125,NaN
123,55083,1,0,NaN,1,NaN,0.80078125,NaN
124,55493,1,0,NaN,1,NaN,0.80078125,NaN
125,55903,1,1,NaN,NaN,1,1.119140625,1.318359375
126,56476,1,0,0.19921875,1,NaN,0.798828125,NaN
127,56885,1,0,NaN,1,NaN,0.80078125,NaN
128,57295,1,0,NaN,1,NaN,0.80078125,NaN
129,57705,1,0,NaN,1,NaN,0.798828125,NaN
130,58114,1,0,NaN,1,NaN,0.80078125,NaN
131,58524,1,0,NaN,1,NaN,0.798828125,NaN
132,58933,1,0,NaN,1,NaN,0.80078125,NaN
133,59343,1,0,NaN,1,NaN,0.80078125,NaN
134,59753,1,0,NaN,1,NaN,0.798828125,NaN
135,60162,1,0,NaN,1,NaN,0.80078125,NaN
136,60572,1,0,NaN,1,NaN,0.798828125,NaN
137,60981,1,0,NaN,1,NaN,0.80078125,NaN
138,61391,1,1,NaN,NaN,1,1.119140625,1.26171875
139,61964,1,0,0.142578125,1,NaN,0.80078125,NaN
140,62374,1,0,NaN,1,NaN,0.798828125,NaN
141,62783,1,0,NaN,1,NaN,0.80078125,NaN
142,63193,1,0,NaN,1,NaN,0.80078125,NaN
143,63603,1,0,NaN,1,NaN,0.798828125,NaN
144,64012,1,0,NaN,1,NaN,0.798828125,NaN
145,64421,1,0,NaN,1,NaN,0.80078125,NaN
146,64831,1,0,NaN,1,NaN,0.80078125,NaN
147,65241,1,0,NaN,1,NaN,0.798828125,NaN
148,65650,1,0,NaN,1,NaN,0.80078125,NaN
149,66060,1,0,NaN,1,NaN,0.80078125,NaN
150,66470,1,1,NaN,NaN,1,1.119140625,1.341796875
151,67043,1,0,0.22265625,1,NaN,0.798828125,NaN
152,67452,1,0,NaN,1,NaN,0.80078125,NaN
153,67862,1,0,NaN,1,NaN,0.798828125,NaN
154,68271,1,0,NaN,1,NaN,0.80078125,NaN
155,68681,1,0,NaN,1,NaN,0.798828125,NaN
156,69090,1,0,NaN,1,NaN,0.80078125,NaN
157,69500,1,0,NaN,1,NaN,0.80078125,NaN
158,69910,1,0,NaN,1,NaN,0.798828125,NaN
159,70319,1,0,NaN,1,NaN,0.80078125,NaN
160,70729,1,0,NaN,1,NaN,0.798828125,NaN
161,71138,1,1,NaN,NaN,1,1.12109375,1.271484375
162,71712,1,0,0.150390625,1,NaN,0.798828125,NaN
163,72121,1,0,NaN,1,NaN,0.80078125,NaN
164,72531,1,0,NaN,1,NaN,0.80078125,NaN
165,72941,1,0,NaN,1,NaN,0.798828125,NaN
166,73350,1,0,NaN,1,NaN,0.80078125,NaN
167,73760,1,0,NaN,1,NaN,0.798828125,NaN
168,74169,1,0,NaN,1,NaN,0.80078125,NaN
169,74579,1,0,NaN,1,NaN,0.798828125,NaN
170,74988,1,0,NaN,1,NaN,0.80078125,NaN
171,75398,1,0,NaN,1,NaN,0.798828125,NaN
172,75807,1,1,NaN,NaN,1,1.12109375,1.19140625
173,76381,1,0,0.0703125,1,NaN,0.80078125,NaN
174,76791,1,0,NaN,1,NaN,0.798828125,NaN
175,77200,1,0,NaN,1,NaN,0.798828125,NaN
176,77609,1,0,NaN,1,NaN,0.80078125,NaN
177,78019,1,0,NaN,1,NaN,0.80078125,NaN
178,78429,1,0,NaN,1,NaN,0.798828125,NaN
179,78838,1,0,NaN,1,NaN,0.80078125,NaN
180,79248,1,0,NaN,1,NaN,0.798828125,NaN
181,79657,1,0,NaN,1,NaN,0.80078125,NaN
182,80067,1,0,NaN,1,NaN,0.80078125,NaN
183,80477,1,1,NaN,NaN,1,1.119140625,1.25390625
184,81050,1,0,0.134765625,1,NaN,0.80078125,NaN
185,81460,1,0,NaN,1,NaN,0.798828125,NaN
186,81869,1,0,NaN,1,NaN,0.80078125,NaN
187,82279,1,0,NaN,1,NaN,0.798828125,NaN
188,82688,1,0,NaN,1,NaN,0.80078125,NaN
189,83098,1,0,NaN,1,NaN,0.798828125,NaN
190,83507,1,0,NaN,1,NaN,0.80078125,NaN
191,83917,1,0,NaN,1,NaN,0.798828125,NaN
192,84326,1,0,NaN,1,NaN,0.80078125,NaN
193,84736,1,0,NaN,1,NaN,0.798828125,NaN
194,85145,1,0,NaN,1,NaN,0.80078125,NaN
195,85555,1,1,NaN,NaN,1,1.119140625,1.287109375
196,86128,1,0,0.16796875,1,NaN,0.80078125,NaN
197,86538,1,0,NaN,1,NaN,0.80078125,NaN
198,86948,1,0,NaN,1,NaN,0.798828125,NaN
199,87357,1,0,NaN,1,NaN,0.80078125,NaN
200,87767,1,0,NaN,1,NaN,0.798828125,NaN
201,88176,1,0,NaN,1,NaN,0.80078125,NaN
202,88586,1,0,NaN,1,NaN,0.80078125,NaN
203,88996,1,0,NaN,1,NaN,0.798828125,NaN
204,89405,1,0,NaN,1,NaN,0.80078125,NaN
205,89815,1,0,NaN,1,NaN,0.798828125,NaN
206,90224,1,1,NaN,NaN,1,1.12109375,1.3203125
207,90798,1,0,0.19921875,1,NaN,0.798828125,NaN
208,91207,1,0,NaN,1,NaN,0.80078125,NaN
209,91617,1,0,NaN,1,NaN,0.798828125,NaN
210,92026,1,0,NaN,1,NaN,0.80078125,NaN
211,92436,1,0,NaN,1,NaN,0.80078125,NaN
212,92846,1,0,NaN,1,NaN,0.798828125,NaN
213,93255,1,0,NaN,1,NaN,0.80078125,NaN
214,93665,1,0,NaN,1,NaN,0.798828125,NaN
215,94074,1,1,NaN,NaN,1,1.119140625,1.328125
216,94647,1,0,0.208984375,1,NaN,0.80078125,NaN
217,95057,1,0,NaN,1,NaN,0.80078125,NaN
218,95467,1,0,NaN,1,NaN,0.798828125,NaN
219,95876,1,0,NaN,1,NaN,0.80078125,NaN
220,96286,1,0,NaN,1,NaN,0.798828125,NaN
221,96695,1,0,NaN,1,NaN,0.80078125,NaN
222,97105,1,0,NaN,1,NaN,0.798828125,NaN
223,97514,1,0,NaN,1,NaN,0.80078125,NaN
224,97924,1,0,NaN,1,NaN,21.666015625,NaN
225,109017,2,0,NaN,1,NaN,0.798828125,NaN
226,109426,2,0,NaN,1,NaN,0.80078125,NaN
227,109836,2,0,NaN,1,NaN,0.798828125,NaN
228,110245,2,0,NaN,1,NaN,0.80078125,NaN
229,110655,2,0,NaN,1,NaN,0.80078125,NaN
230,111065,2,0,NaN,1,NaN,0.798828125,NaN
231,111474,2,0,NaN,1,NaN,0.798828125,NaN
232,111883,2,0,NaN,1,NaN,0.80078125,NaN
233,112293,2,0,NaN,1,NaN,0.798828125,NaN
234,112702,2,0,NaN,1,NaN,0.80078125,NaN
235,113112,2,1,NaN,NaN,1,1.119140625,1.189453125
236,113685,2,0,0.0703125,1,NaN,0.80078125,NaN
237,114095,2,0,NaN,1,NaN,0.80078125,NaN
238,114505,2,0,NaN,1,NaN,0.798828125,NaN
239,114914,2,0,NaN,1,NaN,0.80078125,NaN
240,115324,2,0,NaN,1,NaN,0.798828125,NaN
241,115733,2,0,NaN,1,NaN,0.80078125,NaN
242,116143,2,0,NaN,1,NaN,0.798828125,NaN
243,116552,2,0,NaN,1,NaN,0.80078125,NaN
244,116962,2,0,NaN,1,NaN,0.80078125,NaN
245,117372,2,0,NaN,1,NaN,0.798828125,NaN
246,117781,2,0,NaN,1,NaN,0.80078125,NaN
247,118191,2,1,NaN,NaN,1,1.119140625,1.546875
248,118764,2,0,0.427734375,1,NaN,0.80078125,NaN
249,119174,2,0,NaN,1,NaN,0.798828125,NaN
250,119583,2,0,NaN,1,NaN,0.80078125,NaN
251,119993,2,0,NaN,1,NaN,0.798828125,NaN
252,120402,2,0,NaN,1,NaN,0.80078125,NaN
253,120812,2,0,NaN,1,NaN,0.798828125,NaN
254,121221,2,0,NaN,1,NaN,0.80078125,NaN
255,121631,2,0,NaN,1,NaN,0.80078125,NaN
256,122041,2,0,NaN,1,NaN,0.798828125,NaN
257,122450,2,1,NaN,NaN,1,1.12109375,1.33984375
258,123024,2,0,0.21875,1,NaN,0.798828125,NaN
259,123433,2,0,NaN,1,NaN,0.80078125,NaN
260,123843,2,0,NaN,1,NaN,0.798828125,NaN
261,124252,2,0,NaN,1,NaN,0.80078125,NaN
262,124662,2,0,NaN,1,NaN,0.798828125,NaN
263,125071,2,0,NaN,1,NaN,0.80078125,NaN
264,125481,2,0,NaN,1,NaN,0.80078125,NaN
265,125891,2,0,NaN,1,NaN,0.798828125,NaN
266,126300,2,0,NaN,1,NaN,0.80078125,NaN
267,126710,2,0,NaN,1,NaN,0.798828125,NaN
268,127119,2,0,NaN,1,NaN,0.80078125,NaN
269,127529,2,0,NaN,1,NaN,0.798828125,NaN
270,127938,2,0,NaN,1,NaN,0.80078125,NaN
271,128348,2,0,NaN,1,NaN,0.80078125,NaN
272,128758,2,1,NaN,NaN,1,1.119140625,1.2265625
273,129331,2,0,0.107421875,1,NaN,0.80078125,NaN
274,129741,2,0,NaN,1,NaN,0.798828125,NaN
275,130150,2,0,NaN,1,NaN,0.80078125,NaN
276,130560,2,0,NaN,1,NaN,0.798828125,NaN
277,130969,2,0,NaN,1,NaN,0.80078125,NaN
278,131379,2,0,NaN,1,NaN,0.798828125,NaN
279,131788,2,0,NaN,1,NaN,0.80078125,NaN
280,132198,2,0,NaN,1,NaN,0.798828125,NaN
281,132607,2,0,NaN,1,NaN,0.80078125,NaN
282,133017,2,0,NaN,1,NaN,0.80078125,NaN
283,133427,2,0,NaN,1,NaN,0.798828125,NaN
284,133836,2,0,NaN,1,NaN,0.80078125,NaN
285,134246,2,0,NaN,1,NaN,0.798828125,NaN
286,134655,2,1,NaN,NaN,1,1.12109375,1.205078125
287,135229,2,0,0.083984375,1,NaN,0.798828125,NaN
288,135638,2,0,NaN,1,NaN,0.80078125,NaN
289,136048,2,0,NaN,1,NaN,0.798828125,NaN
290,136457,2,0,NaN,1,NaN,0.80078125,NaN
291,136867,2,0,NaN,1,NaN,0.798828125,NaN
292,137276,2,0,NaN,1,NaN,0.80078125,NaN
293,137686,2,0,NaN,1,NaN,0.80078125,NaN
294,138096,2,1,NaN,NaN,1,1.119140625,1.1953125
295,138669,2,0,0.076171875,1,NaN,0.80078125,NaN
296,139079,2,0,NaN,1,NaN,0.798828125,NaN
297,139488,2,0,NaN,1,NaN,0.80078125,NaN
298,139898,2,0,NaN,1,NaN,0.80078125,NaN
299,140308,2,0,NaN,1,NaN,0.798828125,NaN
300,140717,2,0,NaN,1,NaN,0.798828125,NaN
301,141126,2,0,NaN,1,NaN,0.80078125,NaN
302,141536,2,0,NaN,1,NaN,0.80078125,NaN
303,141946,2,0,NaN,1,NaN,0.798828125,NaN
304,142355,2,0,NaN,1,NaN,0.80078125,NaN
305,142765,2,0,NaN,1,NaN,0.80078125,NaN
306,143175,2,1,NaN,NaN,1,1.119140625,1.25
307,143748,2,0,0.130859375,1,NaN,0.798828125,NaN
308,144157,2,0,NaN,1,NaN,0.80078125,NaN
309,144567,2,0,NaN,1,NaN,0.798828125,NaN
310,144976,2,0,NaN,1,NaN,0.80078125,NaN
311,145386,2,0,NaN,1,NaN,0.798828125,NaN
312,145795,2,0,NaN,1,NaN,0.80078125,NaN
313,146205,2,0,NaN,1,NaN,0.80078125,NaN
314,146615,2,0,NaN,1,NaN,0.798828125,NaN
315,147024,2,0,NaN,1,NaN,0.80078125,NaN
316,147434,2,1,NaN,NaN,1,1.119140625,1.33984375
317,148007,2,0,0.220703125,1,NaN,0.80078125,NaN
318,148417,2,0,NaN,1,NaN,0.798828125,NaN
319,148826,2,0,NaN,1,NaN,0.80078125,NaN
320,149236,2,0,NaN,1,NaN,0.798828125,NaN
321,149645,2,0,NaN,1,NaN,0.80078125,NaN
322,150055,2,0,NaN,1,NaN,0.80078125,NaN
323,150465,2,0,NaN,1,NaN,0.798828125,NaN
324,150874,2,1,NaN,NaN,1,1.119140625,1.33203125
325,151447,2,0,0.212890625,1,NaN,0.80078125,NaN
326,151857,2,0,NaN,1,NaN,0.80078125,NaN
327,152267,2,0,NaN,1,NaN,0.798828125,NaN
328,152676,2,0,NaN,1,NaN,0.80078125,NaN
329,153086,2,0,NaN,1,NaN,0.80078125,NaN
330,153496,2,0,NaN,1,NaN,0.798828125,NaN
331,153905,2,0,NaN,1,NaN,0.798828125,NaN
332,154314,2,0,NaN,1,NaN,0.80078125,NaN
333,154724,2,0,NaN,1,NaN,0.80078125,NaN
334,155134,2,0,NaN,1,NaN,0.798828125,NaN
335,155543,2,0,NaN,1,NaN,0.80078125,NaN
336,155953,2,1,1.068359375,NaN,1,1.119140625,1.068359375
337,156526,2,0,NaN,1,NaN,0.80078125,NaN
338,156936,2,0,NaN,1,NaN,0.798828125,NaN
339,157345,2,0,NaN,1,NaN,0.80078125,NaN
340,157755,2,0,NaN,1,NaN,0.798828125,NaN
341,158164,2,0,NaN,1,NaN,0.80078125,NaN
342,158574,2,0,NaN,1,NaN,0.80078125,NaN
343,158984,2,0,NaN,1,NaN,0.798828125,NaN
344,159393,2,0,NaN,1,NaN,0.80078125,NaN
345,159803,2,0,NaN,1,NaN,0.798828125,NaN
346,160212,2,1,NaN,NaN,1,1.12109375,1.541015625
347,160786,2,0,0.419921875,1,NaN,0.798828125,NaN
348,161195,2,0,NaN,1,NaN,0.80078125,NaN
349,161605,2,0,NaN,1,NaN,0.798828125,NaN
350,162014,2,0,NaN,1,NaN,0.80078125,NaN
351,162424,2,0,NaN,1,NaN,0.798828125,NaN
352,162833,2,0,NaN,1,NaN,0.80078125,NaN
353,163243,2,0,NaN,1,NaN,0.80078125,NaN
354,163653,2,0,NaN,1,NaN,0.798828125,NaN
355,164062,2,0,NaN,1,NaN,0.80078125,NaN
356,164472,2,1,NaN,NaN,1,1.119140625,1.203125
357,165045,2,0,0.083984375,1,NaN,0.80078125,NaN
358,165455,2,0,NaN,1,NaN,0.798828125,NaN
359,165864,2,0,NaN,1,NaN,0.80078125,NaN
360,166274,2,0,NaN,1,NaN,0.80078125,NaN
361,166684,2,0,NaN,1,NaN,0.798828125,NaN
362,167093,2,0,NaN,1,NaN,0.80078125,NaN
363,167503,2,0,NaN,1,NaN,0.798828125,NaN
364,167912,2,0,NaN,1,NaN,0.80078125,NaN
365,168322,2,1,NaN,NaN,1,1.119140625,1.236328125
366,168895,2,0,0.1171875,1,NaN,0.80078125,NaN
367,169305,2,0,NaN,1,NaN,0.798828125,NaN
368,169714,2,0,NaN,1,NaN,0.80078125,NaN
369,170124,2,0,NaN,1,NaN,0.798828125,NaN
370,170533,2,0,NaN,1,NaN,0.80078125,NaN
371,170943,2,0,NaN,1,NaN,0.798828125,NaN
372,171352,2,0,NaN,1,NaN,0.80078125,NaN
373,171762,2,0,NaN,1,NaN,0.80078125,NaN
374,172172,2,0,NaN,1,NaN,0.798828125,NaN
375,172581,2,0,NaN,1,NaN,0.80078125,NaN
376,172991,2,1,NaN,NaN,1,1.119140625,1.267578125
377,173564,2,0,0.1484375,1,NaN,0.80078125,NaN
378,173974,2,0,NaN,1,NaN,0.798828125,NaN
379,174383,2,0,NaN,1,NaN,0.80078125,NaN
380,174793,2,0,NaN,1,NaN,0.80078125,NaN
381,175203,2,0,NaN,1,NaN,0.798828125,NaN
382,175612,2,0,NaN,1,NaN,0.798828125,NaN
383,176021,2,0,NaN,1,NaN,0.80078125,NaN
384,176431,2,0,NaN,1,NaN,0.80078125,NaN
385,176841,2,1,NaN,NaN,1,1.119140625,1.259765625
386,177414,2,0,0.140625,1,NaN,0.80078125,NaN
387,177824,2,0,NaN,1,NaN,0.798828125,NaN
388,178233,2,0,NaN,1,NaN,0.80078125,NaN
389,178643,2,0,NaN,1,NaN,0.798828125,NaN
390,179052,2,0,NaN,1,NaN,0.80078125,NaN
391,179462,2,0,NaN,1,NaN,0.798828125,NaN
392,179871,2,0,NaN,1,NaN,0.80078125,NaN
393,180281,2,0,NaN,1,NaN,0.80078125,NaN
394,180691,2,0,NaN,1,NaN,0.798828125,NaN
395,181100,2,0,NaN,1,NaN,0.80078125,NaN
396,181510,2,0,NaN,1,NaN,0.798828125,NaN
397,181919,2,0,NaN,1,NaN,0.80078125,NaN
398,182329,2,1,NaN,NaN,1,1.119140625,1.1796875
399,182902,2,0,0.060546875,1,NaN,0.80078125,NaN
400,183312,2,0,NaN,1,NaN,0.798828125,NaN
401,183721,2,0,NaN,1,NaN,0.80078125,NaN
402,184131,2,0,NaN,1,NaN,0.798828125,NaN
403,184540,2,0,NaN,1,NaN,0.80078125,NaN
404,184950,2,0,NaN,1,NaN,0.80078125,NaN
405,185360,2,0,NaN,1,NaN,0.798828125,NaN
406,185769,2,0,NaN,1,NaN,0.80078125,NaN
407,186179,2,0,NaN,1,NaN,0.798828125,NaN
408,186588,2,0,NaN,1,NaN,0.80078125,NaN
409,186998,2,0,NaN,1,NaN,0.798828125,NaN
410,187407,2,0,NaN,1,NaN,0.80078125,NaN
411,187817,2,0,NaN,1,NaN,0.80078125,NaN
412,188227,2,0,NaN,1,NaN,0.798828125,NaN
413,188636,2,1,NaN,NaN,1,1.12109375,1.189453125
414,189210,2,0,0.068359375,1,NaN,0.798828125,NaN
415,189619,2,0,NaN,1,NaN,0.80078125,NaN
416,190029,2,0,NaN,1,NaN,0.798828125,NaN
417,190438,2,0,NaN,1,NaN,0.80078125,NaN
418,190848,2,0,NaN,1,NaN,0.80078125,NaN
419,191258,2,0,NaN,1,NaN,0.798828125,NaN
420,191667,2,0,NaN,1,NaN,0.80078125,NaN
421,192077,2,0,NaN,1,NaN,0.798828125,NaN
422,192486,2,0,NaN,1,NaN,0.80078125,NaN
423,192896,2,1,NaN,NaN,1,1.119140625,1.30859375
424,193469,2,0,0.189453125,1,NaN,0.80078125,NaN
425,193879,2,0,NaN,1,NaN,0.798828125,NaN
426,194288,2,0,NaN,1,NaN,0.80078125,NaN
427,194698,2,0,NaN,1,NaN,0.798828125,NaN
428,195107,2,0,NaN,1,NaN,0.80078125,NaN
429,195517,2,0,NaN,1,NaN,0.798828125,NaN
430,195926,2,0,NaN,1,NaN,0.80078125,NaN
431,196336,2,0,NaN,1,NaN,0.80078125,NaN
432,196746,2,1,NaN,NaN,1,1.119140625,1.37890625
433,197319,2,0,0.259765625,1,NaN,0.80078125,NaN
434,197729,2,0,NaN,1,NaN,0.798828125,NaN
435,198138,2,0,NaN,1,NaN,0.80078125,NaN
436,198548,2,0,NaN,1,NaN,0.798828125,NaN
437,198957,2,0,NaN,1,NaN,0.80078125,NaN
438,199367,2,0,NaN,1,NaN,0.80078125,NaN
439,199777,2,0,NaN,1,NaN,0.798828125,NaN
440,200186,2,0,NaN,1,NaN,0.798828125,NaN
441,200595,2,0,NaN,1,NaN,0.80078125,NaN
442,201005,2,0,NaN,1,NaN,0.80078125,NaN
443,201415,2,0,NaN,1,NaN,0.798828125,NaN
444,201824,2,1,NaN,NaN,1,1.12109375,1.33203125
445,202398,2,0,0.2109375,1,NaN,0.798828125,NaN
446,202807,2,0,NaN,1,NaN,0.80078125,NaN
447,203217,2,0,NaN,1,NaN,0.798828125,NaN
448,203626,2,0,NaN,1,NaN,0.80078125,NaN
449,204036,2,0,NaN,1,NaN,16.71875,NaN
450,212596,3,0,NaN,1,NaN,0.798828125,NaN
451,213005,3,0,NaN,1,NaN,0.80078125,NaN
452,213415,3,0,NaN,1,NaN,0.798828125,NaN
453,213824,3,0,NaN,1,NaN,0.80078125,NaN
454,214234,3,0,NaN,1,NaN,0.80078125,NaN
455,214644,3,0,NaN,1,NaN,0.798828125,NaN
456,215053,3,0,NaN,1,NaN,0.80078125,NaN
457,215463,3,0,NaN,1,NaN,0.798828125,NaN
458,215872,3,0,NaN,1,NaN,0.80078125,NaN
459,216282,3,0,NaN,1,NaN,0.798828125,NaN
460,216691,3,0,NaN,1,NaN,0.80078125,NaN
461,217101,3,0,NaN,1,NaN,0.80078125,NaN
462,217511,3,1,NaN,NaN,1,1.119140625,1.1796875
463,218084,3,0,0.060546875,1,NaN,0.80078125,NaN
464,218494,3,0,NaN,1,NaN,0.798828125,NaN
465,218903,3,0,NaN,1,NaN,0.80078125,NaN
466,219313,3,0,NaN,1,NaN,0.798828125,NaN
467,219722,3,0,NaN,1,NaN,0.80078125,NaN
468,220132,3,0,NaN,1,NaN,0.798828125,NaN
469,220541,3,0,NaN,1,NaN,0.80078125,NaN
470,220951,3,0,NaN,1,NaN,0.80078125,NaN
471,221361,3,1,NaN,NaN,1,1.119140625,1.130859375
472,221934,3,0,0.01171875,1,NaN,0.798828125,NaN
473,222343,3,0,NaN,1,NaN,0.80078125,NaN
474,222753,3,0,NaN,1,NaN,0.80078125,NaN
475,223163,3,0,NaN,1,NaN,0.798828125,NaN
476,223572,3,0,NaN,1,NaN,0.80078125,NaN
477,223982,3,0,NaN,1,NaN,0.798828125,NaN
478,224391,3,0,NaN,1,NaN,0.80078125,NaN
479,224801,3,0,NaN,1,NaN,0.80078125,NaN
480,225211,3,0,NaN,1,NaN,0.798828125,NaN
481,225620,3,0,NaN,1,NaN,0.80078125,NaN
482,226030,3,0,NaN,1,NaN,0.798828125,NaN
483,226439,3,0,NaN,1,NaN,0.80078125,NaN
484,226849,3,0,NaN,1,NaN,0.798828125,NaN
485,227258,3,1,NaN,NaN,1,1.12109375,1.140625
486,227832,3,0,0.01953125,1,NaN,0.798828125,NaN
487,228241,3,0,NaN,1,NaN,0.80078125,NaN
488,228651,3,0,NaN,1,NaN,0.80078125,NaN
489,229061,3,0,NaN,1,NaN,0.798828125,NaN
490,229470,3,0,NaN,1,NaN,0.798828125,NaN
491,229879,3,0,NaN,1,NaN,0.80078125,NaN
492,230289,3,0,NaN,1,NaN,0.80078125,NaN
493,230699,3,0,NaN,1,NaN,0.798828125,NaN
494,231108,3,0,NaN,1,NaN,0.80078125,NaN
495,231518,3,0,NaN,1,NaN,0.80078125,NaN
496,231928,3,0,NaN,1,NaN,0.798828125,NaN
497,232337,3,0,NaN,1,NaN,0.798828125,NaN
498,232746,3,1,NaN,NaN,1,1.12109375,1.24609375
499,233320,3,0,0.125,1,NaN,0.80078125,NaN
500,233730,3,0,NaN,1,NaN,0.798828125,NaN
501,234139,3,0,NaN,1,NaN,0.80078125,NaN
502,234549,3,0,NaN,1,NaN,0.798828125,NaN
503,234958,3,0,NaN,1,NaN,0.80078125,NaN
504,235368,3,0,NaN,1,NaN,0.798828125,NaN
505,235777,3,0,NaN,1,NaN,0.80078125,NaN
506,236187,3,0,NaN,1,NaN,0.798828125,NaN
507,236596,3,0,NaN,1,NaN,0.80078125,NaN
508,237006,3,0,NaN,1,NaN,0.80078125,NaN
509,237416,3,1,NaN,NaN,1,1.119140625,1.171875
510,237989,3,0,0.052734375,1,NaN,0.80078125,NaN
511,238399,3,0,NaN,1,NaN,0.798828125,NaN
512,238808,3,0,NaN,1,NaN,0.80078125,NaN
513,239218,3,0,NaN,1,NaN,0.798828125,NaN
514,239627,3,0,NaN,1,NaN,0.80078125,NaN
515,240037,3,0,NaN,1,NaN,0.798828125,NaN
516,240446,3,0,NaN,1,NaN,0.80078125,NaN
517,240856,3,0,NaN,1,NaN,0.80078125,NaN
518,241266,3,0,NaN,1,NaN,0.798828125,NaN
519,241675,3,0,NaN,1,NaN,0.80078125,NaN
520,242085,3,0,NaN,1,NaN,0.798828125,NaN
521,242494,3,0,NaN,1,NaN,0.80078125,NaN
522,242904,3,0,NaN,1,NaN,0.798828125,NaN
523,243313,3,0,NaN,1,NaN,0.80078125,NaN
524,243723,3,1,NaN,NaN,1,1.12109375,1.1953125
525,244297,3,0,0.07421875,1,NaN,0.798828125,NaN
526,244706,3,0,NaN,1,NaN,0.80078125,NaN
527,245116,3,0,NaN,1,NaN,0.798828125,NaN
528,245525,3,0,NaN,1,NaN,0.80078125,NaN
529,245935,3,0,NaN,1,NaN,0.798828125,NaN
530,246344,3,0,NaN,1,NaN,0.80078125,NaN
531,246754,3,0,NaN,1,NaN,0.798828125,NaN
532,247163,3,0,NaN,1,NaN,0.80078125,NaN
533,247573,3,0,NaN,1,NaN,0.80078125,NaN
534,247983,3,0,NaN,1,NaN,0.798828125,NaN
535,248392,3,1,NaN,NaN,0,1.12109375,NaN
536,248966,3,0,NaN,1,NaN,0.798828125,NaN
537,249375,3,0,NaN,1,NaN,0.798828125,NaN
538,249784,3,0,NaN,1,NaN,0.80078125,NaN
539,250194,3,0,NaN,1,NaN,0.80078125,NaN
540,250604,3,0,NaN,1,NaN,0.80078125,NaN
541,251014,3,0,NaN,1,NaN,0.798828125,NaN
542,251423,3,0,NaN,1,NaN,0.798828125,NaN
543,251832,3,0,NaN,1,NaN,0.80078125,NaN
544,252242,3,0,NaN,1,NaN,0.80078125,NaN
545,252652,3,0,NaN,1,NaN,0.798828125,NaN
546,253061,3,0,NaN,1,NaN,0.80078125,NaN
547,253471,3,1,NaN,NaN,1,1.119140625,1.21875
548,254044,3,0,0.099609375,1,NaN,0.798828125,NaN
549,254453,3,0,NaN,1,NaN,0.80078125,NaN
550,254863,3,0,NaN,1,NaN,0.80078125,NaN
551,255273,3,0,NaN,1,NaN,0.798828125,NaN
552,255682,3,0,NaN,1,NaN,0.80078125,NaN
553,256092,3,0,NaN,1,NaN,0.80078125,NaN
554,256502,3,1,NaN,NaN,1,1.119140625,1.275390625
555,257075,3,0,0.15625,1,NaN,0.798828125,NaN
556,257484,3,0,NaN,1,NaN,0.80078125,NaN
557,257894,3,0,NaN,1,NaN,0.80078125,NaN
558,258304,3,0,NaN,1,NaN,0.798828125,NaN
559,258713,3,0,NaN,1,NaN,0.80078125,NaN
560,259123,3,0,NaN,1,NaN,0.798828125,NaN
561,259532,3,0,NaN,1,NaN,0.80078125,NaN
562,259942,3,0,NaN,1,NaN,0.798828125,NaN
563,260351,3,0,NaN,1,NaN,0.80078125,NaN
564,260761,3,0,NaN,1,NaN,0.798828125,NaN
565,261170,3,1,NaN,NaN,1,1.12109375,1.1484375
566,261744,3,0,0.02734375,1,NaN,0.80078125,NaN
567,262154,3,0,NaN,1,NaN,0.798828125,NaN
568,262563,3,0,NaN,1,NaN,0.80078125,NaN
569,262973,3,0,NaN,1,NaN,0.798828125,NaN
570,263382,3,0,NaN,1,NaN,0.80078125,NaN
571,263792,3,0,NaN,1,NaN,0.798828125,NaN
572,264201,3,0,NaN,1,NaN,0.80078125,NaN
573,264611,3,1,NaN,NaN,1,1.119140625,1.203125
574,265184,3,0,0.083984375,1,NaN,0.80078125,NaN
575,265594,3,0,NaN,1,NaN,0.80078125,NaN
576,266004,3,0,NaN,1,NaN,0.798828125,NaN
577,266413,3,0,NaN,1,NaN,0.798828125,NaN
578,266822,3,0,NaN,1,NaN,0.80078125,NaN
579,267232,3,0,NaN,1,NaN,0.80078125,NaN
580,267642,3,0,NaN,1,NaN,0.798828125,NaN
581,268051,3,0,NaN,1,NaN,0.80078125,NaN
582,268461,3,0,NaN,1,NaN,0.80078125,NaN
583,268871,3,0,NaN,1,NaN,0.798828125,NaN
584,269280,3,0,NaN,1,NaN,0.80078125,NaN
585,269690,3,0,NaN,1,NaN,0.798828125,NaN
586,270099,3,0,NaN,1,NaN,0.80078125,NaN
587,270509,3,1,1.107421875,NaN,1,1.119140625,1.107421875
588,271082,3,0,NaN,1,NaN,0.798828125,NaN
589,271491,3,0,NaN,1,NaN,0.80078125,NaN
590,271901,3,0,NaN,1,NaN,0.80078125,NaN
591,272311,3,0,NaN,1,NaN,0.798828125,NaN
592,272720,3,0,NaN,1,NaN,0.80078125,NaN
593,273130,3,0,NaN,1,NaN,0.80078125,NaN
594,273540,3,0,NaN,1,NaN,0.798828125,NaN
595,273949,3,1,NaN,NaN,1,1.119140625,1.564453125
596,274522,3,0,0.4453125,1,NaN,0.80078125,NaN
597,274932,3,0,NaN,1,NaN,0.798828125,NaN
598,275341,3,0,NaN,1,NaN,0.80078125,NaN
599,275751,3,0,NaN,1,NaN,0.80078125,NaN
600,276161,3,0,NaN,1,NaN,0.798828125,NaN
601,276570,3,0,NaN,1,NaN,0.80078125,NaN
602,276980,3,0,NaN,1,NaN,0.798828125,NaN
603,277389,3,0,NaN,1,NaN,0.80078125,NaN
604,277799,3,0,NaN,1,NaN,0.798828125,NaN
605,278208,3,0,NaN,1,NaN,0.80078125,NaN
606,278618,3,0,NaN,1,NaN,0.798828125,NaN
607,279027,3,0,NaN,1,NaN,0.80078125,NaN
608,279437,3,0,NaN,1,NaN,0.80078125,NaN
609,279847,3,1,NaN,NaN,1,1.119140625,1.1953125
610,280420,3,0,0.076171875,1,NaN,0.80078125,NaN
611,280830,3,0,NaN,1,NaN,0.798828125,NaN
612,281239,3,0,NaN,1,NaN,0.80078125,NaN
613,281649,3,0,NaN,1,NaN,0.798828125,NaN
614,282058,3,0,NaN,1,NaN,0.80078125,NaN
615,282468,3,0,NaN,1,NaN,0.798828125,NaN
616,282877,3,0,NaN,1,NaN,0.80078125,NaN
617,283287,3,0,NaN,1,NaN,0.80078125,NaN
618,283697,3,0,NaN,1,NaN,0.798828125,NaN
619,284106,3,0,NaN,1,NaN,0.80078125,NaN
620,284516,3,0,NaN,1,NaN,0.798828125,NaN
621,284925,3,0,NaN,1,NaN,0.80078125,NaN
622,285335,3,0,NaN,1,NaN,0.80078125,NaN
623,285745,3,0,NaN,1,NaN,0.798828125,NaN
624,286154,3,1,NaN,NaN,1,1.12109375,1.197265625
625,286728,3,0,0.076171875,1,NaN,0.798828125,NaN
626,287137,3,0,NaN,1,NaN,0.798828125,NaN
627,287546,3,0,NaN,1,NaN,0.80078125,NaN
628,287956,3,0,NaN,1,NaN,0.80078125,NaN
629,288366,3,0,NaN,1,NaN,0.798828125,NaN
630,288775,3,0,NaN,1,NaN,0.80078125,NaN
631,289185,3,0,NaN,1,NaN,0.798828125,NaN
632,289594,3,0,NaN,1,NaN,0.80078125,NaN
633,290004,3,0,NaN,1,NaN,0.798828125,NaN
634,290413,3,0,NaN,1,NaN,0.80078125,NaN
635,290823,3,0,NaN,1,NaN,0.80078125,NaN
636,291233,3,1,NaN,NaN,1,1.119140625,1.38671875
637,291806,3,0,0.267578125,1,NaN,0.80078125,NaN
638,292216,3,0,NaN,1,NaN,0.798828125,NaN
639,292625,3,0,NaN,1,NaN,0.80078125,NaN
640,293035,3,0,NaN,1,NaN,0.798828125,NaN
641,293444,3,0,NaN,1,NaN,0.80078125,NaN
642,293854,3,0,NaN,1,NaN,0.80078125,NaN
643,294264,3,0,NaN,1,NaN,0.798828125,NaN
644,294673,3,0,NaN,1,NaN,0.80078125,NaN
645,295083,3,0,NaN,1,NaN,0.798828125,NaN
646,295492,3,0,NaN,1,NaN,0.80078125,NaN
647,295902,3,0,NaN,1,NaN,0.798828125,NaN
648,296311,3,1,NaN,NaN,1,1.12109375,1.30859375
649,296885,3,0,0.1875,1,NaN,0.798828125,NaN
650,297294,3,0,NaN,1,NaN,0.80078125,NaN
651,297704,3,0,NaN,1,NaN,0.798828125,NaN
652,298113,3,0,NaN,1,NaN,0.80078125,NaN
653,298523,3,0,NaN,1,NaN,0.80078125,NaN
654,298933,3,0,NaN,1,NaN,0.798828125,NaN
655,299342,3,0,NaN,1,NaN,0.80078125,NaN
656,299752,3,1,NaN,NaN,1,1.119140625,1.298828125
657,300325,3,0,0.1796875,1,NaN,0.798828125,NaN
658,300734,3,0,NaN,1,NaN,0.80078125,NaN
659,301144,3,0,NaN,1,NaN,0.80078125,NaN
660,301554,3,0,NaN,1,NaN,0.798828125,NaN
661,301963,3,0,NaN,1,NaN,0.80078125,NaN
662,302373,3,0,NaN,1,NaN,0.80078125,NaN
663,302783,3,0,NaN,1,NaN,0.798828125,NaN
664,303192,3,1,NaN,NaN,1,1.12109375,1.31640625
665,303766,3,0,0.1953125,1,NaN,0.798828125,NaN
666,304175,3,0,NaN,1,NaN,0.798828125,NaN
667,304584,3,0,NaN,1,NaN,0.80078125,NaN
668,304994,3,0,NaN,1,NaN,0.80078125,NaN
669,305404,3,0,NaN,1,NaN,0.798828125,NaN
670,305813,3,0,NaN,1,NaN,0.80078125,NaN
671,306223,3,0,NaN,1,NaN,0.80078125,NaN
672,306633,3,0,NaN,1,NaN,0.798828125,NaN
673,307042,3,0,NaN,1,NaN,0.80078125,NaN
674,307452,3,0,NaN,1,NaN,20.55859375,NaN
675,317978,4,0,NaN,1,NaN,0.798828125,NaN
676,318387,4,0,NaN,1,NaN,0.798828125,NaN
677,318796,4,0,NaN,1,NaN,0.80078125,NaN
678,319206,4,0,NaN,1,NaN,0.798828125,NaN
679,319615,4,0,NaN,1,NaN,0.80078125,NaN
680,320025,4,0,NaN,1,NaN,0.80078125,NaN
681,320435,4,0,NaN,1,NaN,0.798828125,NaN
682,320844,4,0,NaN,1,NaN,0.80078125,NaN
683,321254,4,0,NaN,1,NaN,0.798828125,NaN
684,321663,4,0,NaN,1,NaN,0.80078125,NaN
685,322073,4,0,NaN,1,NaN,0.798828125,NaN
686,322482,4,1,NaN,NaN,0,1.12109375,NaN
687,323056,4,0,NaN,1,NaN,0.798828125,NaN
688,323465,4,0,NaN,1,NaN,0.80078125,NaN
689,323875,4,0,NaN,1,NaN,0.80078125,NaN
690,324285,4,0,NaN,1,NaN,0.798828125,NaN
691,324694,4,0,NaN,1,NaN,0.80078125,NaN
692,325104,4,0,NaN,1,NaN,0.798828125,NaN
693,325513,4,0,NaN,1,NaN,0.80078125,NaN
694,325923,4,0,NaN,1,NaN,0.80078125,NaN
695,326333,4,0,NaN,1,NaN,0.798828125,NaN
696,326742,4,0,NaN,1,NaN,0.80078125,NaN
697,327152,4,1,NaN,NaN,1,1.119140625,1.1875
698,327725,4,0,0.068359375,1,NaN,0.798828125,NaN
699,328134,4,0,NaN,1,NaN,0.80078125,NaN
700,328544,4,0,NaN,1,NaN,0.80078125,NaN
701,328954,4,0,NaN,1,NaN,0.798828125,NaN
702,329363,4,0,NaN,1,NaN,0.80078125,NaN
703,329773,4,0,NaN,1,NaN,0.798828125,NaN
704,330182,4,0,NaN,1,NaN,0.80078125,NaN
705,330592,4,0,NaN,1,NaN,0.798828125,NaN
706,331001,4,0,NaN,1,NaN,0.80078125,NaN
707,331411,4,0,NaN,1,NaN,0.80078125,NaN
708,331821,4,1,NaN,NaN,1,1.119140625,1.2109375
709,332394,4,0,0.091796875,1,NaN,0.80078125,NaN
710,332804,4,0,NaN,1,NaN,0.798828125,NaN
711,333213,4,0,NaN,1,NaN,0.80078125,NaN
712,333623,4,0,NaN,1,NaN,0.798828125,NaN
713,334032,4,0,NaN,1,NaN,0.80078125,NaN
714,334442,4,0,NaN,1,NaN,0.798828125,NaN
715,334851,4,0,NaN,1,NaN,0.80078125,NaN
716,335261,4,0,NaN,1,NaN,0.798828125,NaN
717,335670,4,0,NaN,1,NaN,0.80078125,NaN
718,336080,4,0,NaN,1,NaN,0.80078125,NaN
719,336490,4,0,NaN,1,NaN,0.798828125,NaN
720,336899,4,0,NaN,1,NaN,0.80078125,NaN
721,337309,4,1,NaN,NaN,1,1.119140625,1.236328125
722,337882,4,0,0.1171875,1,NaN,0.80078125,NaN
723,338292,4,0,NaN,1,NaN,0.798828125,NaN
724,338701,4,0,NaN,1,NaN,0.80078125,NaN
725,339111,4,0,NaN,1,NaN,0.798828125,NaN
726,339520,4,0,NaN,1,NaN,0.80078125,NaN
727,339930,4,0,NaN,1,NaN,0.80078125,NaN
728,340340,4,0,NaN,1,NaN,0.798828125,NaN
729,340749,4,0,NaN,1,NaN,0.80078125,NaN
730,341159,4,0,NaN,1,NaN,0.798828125,NaN
731,341568,4,1,NaN,NaN,1,1.12109375,1.205078125
732,342142,4,0,0.083984375,1,NaN,0.798828125,NaN
733,342551,4,0,NaN,1,NaN,0.80078125,NaN
734,342961,4,0,NaN,1,NaN,0.798828125,NaN
735,343370,4,0,NaN,1,NaN,0.80078125,NaN
736,343780,4,0,NaN,1,NaN,0.798828125,NaN
737,344189,4,0,NaN,1,NaN,0.80078125,NaN
738,344599,4,0,NaN,1,NaN,0.80078125,NaN
739,345009,4,0,NaN,1,NaN,0.798828125,NaN
740,345418,4,0,NaN,1,NaN,0.80078125,NaN
741,345828,4,0,NaN,1,NaN,0.798828125,NaN
742,346237,4,0,NaN,1,NaN,0.80078125,NaN
743,346647,4,0,NaN,1,NaN,0.798828125,NaN
744,347056,4,1,1.1015625,NaN,1,1.12109375,1.1015625
745,347630,4,0,NaN,1,NaN,0.798828125,NaN
746,348039,4,0,NaN,1,NaN,0.80078125,NaN
747,348449,4,0,NaN,1,NaN,0.80078125,NaN
748,348859,4,0,NaN,1,NaN,0.798828125,NaN
749,349268,4,0,NaN,1,NaN,0.80078125,NaN
750,349678,4,0,NaN,1,NaN,0.798828125,NaN
751,350087,4,0,NaN,1,NaN,0.80078125,NaN
752,350497,4,0,NaN,1,NaN,0.798828125,NaN
753,350906,4,0,NaN,1,NaN,0.80078125,NaN
754,351316,4,0,NaN,1,NaN,0.798828125,NaN
755,351725,4,1,NaN,NaN,1,1.12109375,1.388671875
756,352299,4,0,0.267578125,1,NaN,0.798828125,NaN
757,352708,4,0,NaN,1,NaN,0.80078125,NaN
758,353118,4,0,NaN,1,NaN,0.80078125,NaN
759,353528,4,0,NaN,1,NaN,0.798828125,NaN
760,353937,4,0,NaN,1,NaN,0.80078125,NaN
761,354347,4,0,NaN,1,NaN,0.798828125,NaN
762,354756,4,0,NaN,1,NaN,0.80078125,NaN
763,355166,4,0,NaN,1,NaN,0.798828125,NaN
764,355575,4,0,NaN,1,NaN,0.80078125,NaN
765,355985,4,1,NaN,NaN,1,1.119140625,1.228515625
766,356558,4,0,0.109375,1,NaN,0.80078125,NaN
767,356968,4,0,NaN,1,NaN,0.80078125,NaN
768,357378,4,0,NaN,1,NaN,0.798828125,NaN
769,357787,4,0,NaN,1,NaN,0.80078125,NaN
770,358197,4,0,NaN,1,NaN,0.798828125,NaN
771,358606,4,0,NaN,1,NaN,0.80078125,NaN
772,359016,4,0,NaN,1,NaN,0.80078125,NaN
773,359426,4,0,NaN,1,NaN,0.798828125,NaN
774,359835,4,0,NaN,1,NaN,0.80078125,NaN
775,360245,4,0,NaN,1,NaN,0.798828125,NaN
776,360654,4,0,NaN,1,NaN,0.80078125,NaN
777,361064,4,0,NaN,1,NaN,0.798828125,NaN
778,361473,4,1,NaN,NaN,0,1.12109375,NaN
779,362047,4,0,NaN,1,NaN,0.798828125,NaN
780,362456,4,0,NaN,0,NaN,0.80078125,0.892578125
781,362866,4,0,0.091796875,1,NaN,0.80078125,NaN
782,363276,4,0,NaN,1,NaN,0.798828125,NaN
783,363685,4,0,NaN,1,NaN,0.798828125,NaN
784,364094,4,0,NaN,1,NaN,0.80078125,NaN
785,364504,4,0,NaN,1,NaN,0.80078125,NaN
786,364914,4,1,NaN,NaN,1,1.119140625,1.275390625
787,365487,4,0,0.15625,1,NaN,0.798828125,NaN
788,365896,4,0,NaN,1,NaN,0.80078125,NaN
789,366306,4,0,NaN,1,NaN,0.80078125,NaN
790,366716,4,0,NaN,1,NaN,0.798828125,NaN
791,367125,4,0,NaN,1,NaN,0.80078125,NaN
792,367535,4,0,NaN,1,NaN,0.798828125,NaN
793,367944,4,0,NaN,1,NaN,0.80078125,NaN
794,368354,4,0,NaN,1,NaN,0.80078125,NaN
795,368764,4,0,NaN,1,NaN,0.798828125,NaN
796,369173,4,0,NaN,1,NaN,0.80078125,NaN
797,369583,4,0,NaN,1,NaN,0.798828125,NaN
798,369992,4,1,NaN,NaN,1,1.12109375,1.251953125
799,370566,4,0,0.130859375,1,NaN,0.798828125,NaN
800,370975,4,0,NaN,1,NaN,0.80078125,NaN
801,371385,4,0,NaN,1,NaN,0.80078125,NaN
802,371795,4,0,NaN,1,NaN,0.798828125,NaN
803,372204,4,0,NaN,1,NaN,0.798828125,NaN
804,372613,4,0,NaN,1,NaN,0.80078125,NaN
805,373023,4,0,NaN,1,NaN,0.80078125,NaN
806,373433,4,0,NaN,1,NaN,0.798828125,NaN
807,373842,4,0,NaN,1,NaN,0.80078125,NaN
808,374252,4,0,NaN,1,NaN,0.798828125,NaN
809,374661,4,0,NaN,1,NaN,0.80078125,NaN
810,375071,4,0,NaN,1,NaN,0.798828125,NaN
811,375480,4,1,NaN,NaN,1,1.12109375,1.140625
812,376054,4,0,0.01953125,1,NaN,0.798828125,NaN
813,376463,4,0,NaN,1,NaN,0.80078125,NaN
814,376873,4,0,NaN,1,NaN,0.80078125,NaN
815,377283,4,0,NaN,1,NaN,0.798828125,NaN
816,377692,4,0,NaN,1,NaN,0.80078125,NaN
817,378102,4,0,NaN,1,NaN,0.798828125,NaN
818,378511,4,0,NaN,1,NaN,0.80078125,NaN
819,378921,4,1,NaN,NaN,1,1.119140625,1.283203125
820,379494,4,0,0.1640625,1,NaN,0.80078125,NaN
821,379904,4,0,NaN,1,NaN,0.80078125,NaN
822,380314,4,0,NaN,1,NaN,0.798828125,NaN
823,380723,4,0,NaN,1,NaN,0.80078125,NaN
824,381133,4,0,NaN,1,NaN,0.798828125,NaN
825,381542,4,0,NaN,1,NaN,0.798828125,NaN
826,381951,4,0,NaN,1,NaN,0.80078125,NaN
827,382361,4,0,NaN,1,NaN,0.80078125,NaN
828,382771,4,0,NaN,1,NaN,0.798828125,NaN
829,383180,4,0,NaN,1,NaN,0.80078125,NaN
830,383590,4,0,NaN,1,NaN,0.798828125,NaN
831,383999,4,0,NaN,1,NaN,0.80078125,NaN
832,384409,4,0,NaN,1,NaN,0.80078125,NaN
833,384819,4,0,NaN,1,NaN,0.798828125,NaN
834,385228,4,1,1.083984375,NaN,1,1.119140625,1.083984375
835,385801,4,0,NaN,1,NaN,0.80078125,NaN
836,386211,4,0,NaN,1,NaN,0.80078125,NaN
837,386621,4,0,NaN,1,NaN,0.798828125,NaN
838,387030,4,0,NaN,1,NaN,0.80078125,NaN
839,387440,4,0,NaN,1,NaN,0.798828125,NaN
840,387849,4,0,NaN,1,NaN,0.80078125,NaN
841,388259,4,0,NaN,1,NaN,0.798828125,NaN
842,388668,4,0,NaN,1,NaN,0.80078125,NaN
843,389078,4,1,NaN,NaN,1,1.119140625,1.205078125
844,389651,4,0,0.0859375,1,NaN,0.80078125,NaN
845,390061,4,0,NaN,1,NaN,0.798828125,NaN
846,390470,4,0,NaN,1,NaN,0.80078125,NaN
847,390880,4,0,NaN,1,NaN,0.80078125,NaN
848,391290,4,0,NaN,1,NaN,0.798828125,NaN
849,391699,4,0,NaN,1,NaN,0.80078125,NaN
850,392109,4,0,NaN,1,NaN,0.80078125,NaN
851,392519,4,0,NaN,1,NaN,0.798828125,NaN
852,392928,4,0,NaN,1,NaN,0.798828125,NaN
853,393337,4,0,NaN,1,NaN,0.80078125,NaN
854,393747,4,0,NaN,1,NaN,0.80078125,NaN
855,394157,4,0,NaN,1,NaN,0.798828125,NaN
856,394566,4,0,NaN,1,NaN,0.80078125,NaN
857,394976,4,1,NaN,NaN,1,1.119140625,1.259765625
858,395549,4,0,0.140625,1,NaN,0.80078125,NaN
859,395959,4,0,NaN,1,NaN,0.798828125,NaN
860,396368,4,0,NaN,1,NaN,0.80078125,NaN
861,396778,4,0,NaN,1,NaN,0.798828125,NaN
862,397187,4,0,NaN,1,NaN,0.80078125,NaN
863,397597,4,0,NaN,1,NaN,0.798828125,NaN
864,398006,4,0,NaN,1,NaN,0.80078125,NaN
865,398416,4,0,NaN,1,NaN,0.80078125,NaN
866,398826,4,0,NaN,1,NaN,0.798828125,NaN
867,399235,4,0,NaN,1,NaN,0.80078125,NaN
868,399645,4,0,NaN,1,NaN,0.798828125,NaN
869,400054,4,0,NaN,1,NaN,0.80078125,NaN
870,400464,4,1,1.107421875,NaN,1,1.12109375,1.107421875
871,401038,4,0,NaN,1,NaN,0.798828125,NaN
872,401447,4,0,NaN,1,NaN,0.798828125,NaN
873,401856,4,0,NaN,1,NaN,0.80078125,NaN
874,402266,4,0,NaN,1,NaN,0.80078125,NaN
875,402676,4,0,NaN,1,NaN,0.798828125,NaN
876,403085,4,0,NaN,1,NaN,0.80078125,NaN
877,403495,4,1,NaN,NaN,1,1.119140625,1.412109375
878,404068,4,0,0.29296875,1,NaN,0.80078125,NaN
879,404478,4,0,NaN,1,NaN,0.80078125,NaN
880,404888,4,0,NaN,1,NaN,0.798828125,NaN
881,405297,4,0,NaN,1,NaN,0.798828125,NaN
882,405706,4,0,NaN,1,NaN,0.80078125,NaN
883,406116,4,0,NaN,1,NaN,0.80078125,NaN
884,406526,4,1,NaN,NaN,0,1.119140625,NaN
885,407099,4,0,NaN,1,NaN,0.798828125,NaN
886,407508,4,0,NaN,1,NaN,0.80078125,NaN
887,407918,4,0,NaN,1,NaN,0.80078125,NaN
888,408328,4,0,NaN,1,NaN,0.798828125,NaN
889,408737,4,0,NaN,1,NaN,0.80078125,NaN
890,409147,4,0,NaN,1,NaN,0.798828125,NaN
891,409556,4,0,NaN,1,NaN,0.80078125,NaN
892,409966,4,0,NaN,1,NaN,0.798828125,NaN
893,410375,4,0,NaN,1,NaN,0.80078125,NaN
894,410785,4,0,NaN,1,NaN,0.80078125,NaN
895,411195,4,0,NaN,1,NaN,0.798828125,NaN
896,411604,4,0,NaN,1,NaN,0.80078125,NaN
897,412014,4,0,NaN,1,NaN,0.798828125,NaN
898,412423,4,1,NaN,NaN,1,1.12109375,1.15625
899,412997,4,0,0.03515625,1,NaN,21.97265625,NaN
900,424247,5,0,NaN,1,NaN,0.798828125,NaN
901,424656,5,0,NaN,1,NaN,0.798828125,NaN
902,425065,5,0,NaN,1,NaN,0.80078125,NaN
903,425475,5,0,NaN,1,NaN,0.80078125,NaN
904,425885,5,0,NaN,1,NaN,0.798828125,NaN
905,426294,5,0,NaN,1,NaN,0.798828125,NaN
906,426703,5,0,NaN,1,NaN,0.80078125,NaN
907,427113,5,0,NaN,1,NaN,0.80078125,NaN
908,427523,5,0,NaN,1,NaN,0.798828125,NaN
909,427932,5,0,NaN,1,NaN,0.80078125,NaN
910,428342,5,1,NaN,NaN,1,1.119140625,1.20703125
911,428915,5,0,0.087890625,1,NaN,0.80078125,NaN
912,429325,5,0,NaN,1,NaN,0.798828125,NaN
913,429734,5,0,NaN,1,NaN,0.80078125,NaN
914,430144,5,0,NaN,1,NaN,0.798828125,NaN
915,430553,5,0,NaN,1,NaN,0.80078125,NaN
916,430963,5,0,NaN,1,NaN,0.80078125,NaN
917,431373,5,0,NaN,1,NaN,0.798828125,NaN
918,431782,5,1,NaN,NaN,1,1.12109375,1.3984375
919,432356,5,0,0.27734375,1,NaN,0.798828125,NaN
920,432765,5,0,NaN,1,NaN,0.80078125,NaN
921,433175,5,0,NaN,1,NaN,0.798828125,NaN
922,433584,5,0,NaN,1,NaN,0.80078125,NaN
923,433994,5,0,NaN,1,NaN,0.798828125,NaN
924,434403,5,0,NaN,1,NaN,0.80078125,NaN
925,434813,5,0,NaN,1,NaN,0.798828125,NaN
926,435222,5,0,NaN,1,NaN,0.80078125,NaN
927,435632,5,0,NaN,1,NaN,0.80078125,NaN
928,436042,5,0,NaN,1,NaN,0.798828125,NaN
929,436451,5,0,NaN,1,NaN,0.80078125,NaN
930,436861,5,0,NaN,1,NaN,0.798828125,NaN
931,437270,5,0,NaN,1,NaN,0.80078125,NaN
932,437680,5,0,NaN,1,NaN,0.798828125,NaN
933,438089,5,1,1.03125,NaN,1,1.12109375,1.03125
934,438663,5,0,NaN,1,NaN,0.798828125,NaN
935,439072,5,0,NaN,1,NaN,0.80078125,NaN
936,439482,5,0,NaN,1,NaN,0.80078125,NaN
937,439892,5,0,NaN,1,NaN,0.798828125,NaN
938,440301,5,0,NaN,1,NaN,0.80078125,NaN
939,440711,5,0,NaN,1,NaN,0.798828125,NaN
940,441120,5,1,NaN,NaN,1,1.12109375,1.671875
941,441694,5,0,0.55078125,1,NaN,0.798828125,NaN
942,442103,5,0,NaN,1,NaN,0.80078125,NaN
943,442513,5,0,NaN,1,NaN,0.80078125,NaN
944,442923,5,0,NaN,1,NaN,0.798828125,NaN
945,443332,5,0,NaN,1,NaN,0.798828125,NaN
946,443741,5,0,NaN,1,NaN,0.80078125,NaN
947,444151,5,0,NaN,1,NaN,0.80078125,NaN
948,444561,5,1,NaN,NaN,1,1.119140625,1.20703125
949,445134,5,0,0.087890625,1,NaN,0.80078125,NaN
950,445544,5,0,NaN,1,NaN,0.798828125,NaN
951,445953,5,0,NaN,1,NaN,0.80078125,NaN
952,446363,5,0,NaN,1,NaN,0.798828125,NaN
953,446772,5,0,NaN,1,NaN,0.80078125,NaN
954,447182,5,0,NaN,1,NaN,0.798828125,NaN
955,447591,5,0,NaN,1,NaN,0.80078125,NaN
956,448001,5,0,NaN,1,NaN,0.798828125,NaN
957,448410,5,0,NaN,1,NaN,0.80078125,NaN
958,448820,5,0,NaN,1,NaN,0.80078125,NaN
959,449230,5,0,NaN,1,NaN,0.798828125,NaN
960,449639,5,0,NaN,1,NaN,0.80078125,NaN
961,450049,5,0,NaN,1,NaN,0.798828125,NaN
962,450458,5,1,NaN,NaN,1,1.12109375,1.294921875
963,451032,5,0,0.173828125,1,NaN,0.798828125,NaN
964,451441,5,0,NaN,1,NaN,0.80078125,NaN
965,451851,5,0,NaN,1,NaN,0.798828125,NaN
966,452260,5,0,NaN,1,NaN,0.80078125,NaN
967,452670,5,0,NaN,1,NaN,0.80078125,NaN
968,453080,5,0,NaN,1,NaN,0.798828125,NaN
969,453489,5,0,NaN,1,NaN,0.80078125,NaN
970,453899,5,0,NaN,1,NaN,0.798828125,NaN
971,454308,5,1,NaN,NaN,1,1.12109375,1.34375
972,454882,5,0,0.22265625,1,NaN,0.798828125,NaN
973,455291,5,0,NaN,1,NaN,0.80078125,NaN
974,455701,5,0,NaN,1,NaN,0.798828125,NaN
975,456110,5,0,NaN,1,NaN,0.80078125,NaN
976,456520,5,0,NaN,1,NaN,0.798828125,NaN
977,456929,5,0,NaN,1,NaN,0.80078125,NaN
978,457339,5,0,NaN,1,NaN,0.80078125,NaN
979,457749,5,1,NaN,NaN,1,1.119140625,1.326171875
980,458322,5,0,0.20703125,1,NaN,0.80078125,NaN
981,458732,5,0,NaN,1,NaN,0.798828125,NaN
982,459141,5,0,NaN,1,NaN,0.80078125,NaN
983,459551,5,0,NaN,1,NaN,0.798828125,NaN
984,459960,5,0,NaN,1,NaN,0.80078125,NaN
985,460370,5,0,NaN,1,NaN,0.798828125,NaN
986,460779,5,0,NaN,1,NaN,0.80078125,NaN
987,461189,5,0,NaN,1,NaN,0.80078125,NaN
988,461599,5,1,NaN,NaN,1,1.119140625,1.189453125
989,462172,5,0,0.0703125,1,NaN,0.798828125,NaN
990,462581,5,0,NaN,1,NaN,0.80078125,NaN
991,462991,5,0,NaN,1,NaN,0.80078125,NaN
992,463401,5,0,NaN,1,NaN,0.798828125,NaN
993,463810,5,0,NaN,1,NaN,0.80078125,NaN
994,464220,5,0,NaN,1,NaN,0.798828125,NaN
995,464629,5,0,NaN,1,NaN,0.80078125,NaN
996,465039,5,0,NaN,1,NaN,0.798828125,NaN
997,465448,5,0,NaN,1,NaN,0.80078125,NaN
998,465858,5,1,NaN,NaN,1,1.12109375,1.318359375
999,466432,5,0,0.197265625,1,NaN,0.798828125,NaN
1000,466841,5,0,NaN,1,NaN,0.80078125,NaN
1001,467251,5,0,NaN,1,NaN,0.798828125,NaN
1002,467660,5,0,NaN,1,NaN,0.80078125,NaN
1003,468070,5,0,NaN,1,NaN,0.798828125,NaN
1004,468479,5,0,NaN,1,NaN,0.80078125,NaN
1005,468889,5,1,NaN,NaN,1,1.119140625,1.326171875
1006,469462,5,0,0.20703125,1,NaN,0.80078125,NaN
1007,469872,5,0,NaN,1,NaN,0.80078125,NaN
1008,470282,5,0,NaN,1,NaN,0.798828125,NaN
1009,470691,5,0,NaN,1,NaN,0.80078125,NaN
1010,471101,5,0,NaN,1,NaN,0.798828125,NaN
1011,471510,5,0,NaN,1,NaN,0.80078125,NaN
1012,471920,5,0,NaN,1,NaN,0.798828125,NaN
1013,472329,5,0,NaN,1,NaN,0.80078125,NaN
1014,472739,5,0,NaN,1,NaN,0.798828125,NaN
1015,473148,5,0,NaN,1,NaN,0.80078125,NaN
1016,473558,5,0,NaN,1,NaN,0.798828125,NaN
1017,473967,5,0,NaN,1,NaN,0.80078125,NaN
1018,474377,5,0,NaN,1,NaN,0.80078125,NaN
1019,474787,5,1,NaN,NaN,1,1.119140625,1.26171875
1020,475360,5,0,0.142578125,1,NaN,0.80078125,NaN
1021,475770,5,0,NaN,1,NaN,0.798828125,NaN
1022,476179,5,0,NaN,1,NaN,0.80078125,NaN
1023,476589,5,0,NaN,1,NaN,0.798828125,NaN
1024,476998,5,0,NaN,1,NaN,0.80078125,NaN
1025,477408,5,0,NaN,1,NaN,0.798828125,NaN
1026,477817,5,0,NaN,1,NaN,0.80078125,NaN
1027,478227,5,0,NaN,1,NaN,0.80078125,NaN
1028,478637,5,0,NaN,1,NaN,0.798828125,NaN
1029,479046,5,0,NaN,1,NaN,0.80078125,NaN
1030,479456,5,0,NaN,1,NaN,0.798828125,NaN
1031,479865,5,0,NaN,1,NaN,0.80078125,NaN
1032,480275,5,1,NaN,NaN,1,1.119140625,1.173828125
1033,480848,5,0,0.0546875,1,NaN,0.80078125,NaN
1034,481258,5,0,NaN,1,NaN,0.798828125,NaN
1035,481667,5,0,NaN,1,NaN,0.80078125,NaN
1036,482077,5,0,NaN,1,NaN,0.80078125,NaN
1037,482487,5,0,NaN,1,NaN,0.798828125,NaN
1038,482896,5,0,NaN,1,NaN,0.80078125,NaN
1039,483306,5,0,NaN,1,NaN,0.798828125,NaN
1040,483715,5,0,NaN,1,NaN,0.80078125,NaN
1041,484125,5,0,NaN,1,NaN,0.798828125,NaN
1042,484534,5,1,NaN,NaN,1,1.12109375,1.20703125
1043,485108,5,0,0.0859375,1,NaN,0.798828125,NaN
1044,485517,5,0,NaN,1,NaN,0.80078125,NaN
1045,485927,5,0,NaN,1,NaN,0.798828125,NaN
1046,486336,5,0,NaN,1,NaN,0.80078125,NaN
1047,486746,5,0,NaN,1,NaN,0.798828125,NaN
1048,487155,5,0,NaN,1,NaN,0.80078125,NaN
1049,487565,5,0,NaN,1,NaN,0.80078125,NaN
1050,487975,5,1,NaN,NaN,1,1.119140625,1.23046875
1051,488548,5,0,0.111328125,1,NaN,0.80078125,NaN
1052,488958,5,0,NaN,1,NaN,0.798828125,NaN
1053,489367,5,0,NaN,1,NaN,0.80078125,NaN
1054,489777,5,0,NaN,1,NaN,0.798828125,NaN
1055,490186,5,0,NaN,1,NaN,0.80078125,NaN
1056,490596,5,0,NaN,1,NaN,0.798828125,NaN
1057,491005,5,0,NaN,1,NaN,0.80078125,NaN
1058,491415,5,0,NaN,1,NaN,0.80078125,NaN
1059,491825,5,1,NaN,NaN,1,1.119140625,1.390625
1060,492398,5,0,0.271484375,1,NaN,0.798828125,NaN
1061,492807,5,0,NaN,1,NaN,0.80078125,NaN
1062,493217,5,0,NaN,1,NaN,0.80078125,NaN
1063,493627,5,0,NaN,1,NaN,0.798828125,NaN
1064,494036,5,0,NaN,1,NaN,0.80078125,NaN
1065,494446,5,0,NaN,1,NaN,0.798828125,NaN
1066,494855,5,0,NaN,1,NaN,0.80078125,NaN
1067,495265,5,0,NaN,1,NaN,0.798828125,NaN
1068,495674,5,0,NaN,1,NaN,0.80078125,NaN
1069,496084,5,0,NaN,1,NaN,0.80078125,NaN
1070,496494,5,0,NaN,1,NaN,0.798828125,NaN
1071,496903,5,0,NaN,1,NaN,0.80078125,NaN
1072,497313,5,0,NaN,1,NaN,0.798828125,NaN
1073,497722,5,0,NaN,1,NaN,0.80078125,NaN
1074,498132,5,1,1.0625,NaN,1,1.12109375,1.0625
1075,498706,5,0,NaN,1,NaN,0.798828125,NaN
1076,499115,5,0,NaN,1,NaN,0.798828125,NaN
1077,499524,5,0,NaN,1,NaN,0.80078125,NaN
1078,499934,5,0,NaN,1,NaN,0.80078125,NaN
1079,500344,5,0,NaN,1,NaN,0.798828125,NaN
1080,500753,5,0,NaN,1,NaN,0.80078125,NaN
1081,501163,5,0,NaN,1,NaN,0.798828125,NaN
1082,501572,5,0,NaN,1,NaN,0.80078125,NaN
1083,501982,5,1,NaN,NaN,1,1.119140625,1.341796875
1084,502555,5,0,0.22265625,1,NaN,0.80078125,NaN
1085,502965,5,0,NaN,1,NaN,0.798828125,NaN
1086,503374,5,0,NaN,1,NaN,0.80078125,NaN
1087,503784,5,0,NaN,1,NaN,0.798828125,NaN
1088,504193,5,0,NaN,1,NaN,0.80078125,NaN
1089,504603,5,0,NaN,1,NaN,0.80078125,NaN
1090,505013,5,0,NaN,1,NaN,0.798828125,NaN
1091,505422,5,0,NaN,1,NaN,0.80078125,NaN
1092,505832,5,0,NaN,1,NaN,0.798828125,NaN
1093,506241,5,0,NaN,1,NaN,0.80078125,NaN
1094,506651,5,0,NaN,1,NaN,0.798828125,NaN
1095,507060,5,0,NaN,1,NaN,0.80078125,NaN
1096,507470,5,1,NaN,NaN,1,1.119140625,1.638671875
1097,508043,5,0,0.51953125,1,NaN,0.80078125,NaN
1098,508453,5,0,NaN,1,NaN,0.798828125,NaN
1099,508862,5,0,NaN,1,NaN,0.80078125,NaN
1100,509272,5,0,NaN,1,NaN,0.80078125,NaN
1101,509682,5,0,NaN,1,NaN,0.798828125,NaN
1102,510091,5,0,NaN,1,NaN,0.80078125,NaN
1103,510501,5,0,NaN,1,NaN,0.798828125,NaN
1104,510910,5,0,NaN,1,NaN,0.80078125,NaN
1105,511320,5,0,NaN,1,NaN,0.798828125,NaN
1106,511729,5,0,NaN,1,NaN,0.80078125,NaN
1107,512139,5,0,NaN,1,NaN,0.80078125,NaN
1108,512549,5,0,NaN,1,NaN,0.798828125,NaN
1109,512958,5,0,NaN,1,NaN,0.80078125,NaN
1110,513368,5,1,NaN,NaN,1,1.119140625,1.23046875
1111,513941,5,0,0.111328125,1,NaN,0.80078125,NaN
1112,514351,5,0,NaN,1,NaN,0.80078125,NaN
1113,514761,5,0,NaN,1,NaN,0.798828125,NaN
1114,515170,5,0,NaN,1,NaN,0.798828125,NaN
1115,515579,5,0,NaN,1,NaN,0.80078125,NaN
1116,515989,5,0,NaN,1,NaN,0.80078125,NaN
1117,516399,5,0,NaN,1,NaN,0.798828125,NaN
1118,516808,5,0,NaN,1,NaN,0.80078125,NaN
1119,517218,5,0,NaN,1,NaN,0.798828125,NaN
1120,517627,5,0,NaN,1,NaN,0.80078125,NaN
1121,518037,5,1,NaN,NaN,1,1.119140625,1.4140625
1122,518610,5,0,0.294921875,1,NaN,0.80078125,NaN
1123,519020,5,0,NaN,1,NaN,0.798828125,NaN
1124,519429,5,0,NaN,1,NaN,16.90625,NaN
1125,528085,6,0,NaN,1,NaN,0.80078125,NaN
1126,528495,6,0,NaN,1,NaN,0.798828125,NaN
1127,528904,6,0,NaN,1,NaN,0.80078125,NaN
1128,529314,6,0,NaN,1,NaN,0.798828125,NaN
1129,529723,6,0,NaN,1,NaN,0.80078125,NaN
1130,530133,6,0,NaN,1,NaN,0.798828125,NaN
1131,530542,6,0,NaN,1,NaN,0.80078125,NaN
1132,530952,6,1,NaN,NaN,1,1.119140625,1.30859375
1133,531525,6,0,0.189453125,1,NaN,0.80078125,NaN
1134,531935,6,0,NaN,1,NaN,0.798828125,NaN
1135,532344,6,0,NaN,1,NaN,0.80078125,NaN
1136,532754,6,0,NaN,1,NaN,0.798828125,NaN
1137,533163,6,0,NaN,1,NaN,0.80078125,NaN
1138,533573,6,0,NaN,1,NaN,0.80078125,NaN
1139,533983,6,0,NaN,1,NaN,0.798828125,NaN
1140,534392,6,0,NaN,1,NaN,0.80078125,NaN
1141,534802,6,0,NaN,1,NaN,0.798828125,NaN
1142,535211,6,0,NaN,1,NaN,0.80078125,NaN
1143,535621,6,0,NaN,1,NaN,0.80078125,NaN
1144,536031,6,0,NaN,1,NaN,0.798828125,NaN
1145,536440,6,0,NaN,1,NaN,0.80078125,NaN
1146,536850,6,0,NaN,1,NaN,0.798828125,NaN
1147,537259,6,1,1.060546875,NaN,1,1.119140625,1.060546875
1148,537832,6,0,NaN,1,NaN,0.80078125,NaN
1149,538242,6,0,NaN,1,NaN,0.80078125,NaN
1150,538652,6,0,NaN,1,NaN,0.798828125,NaN
1151,539061,6,0,NaN,1,NaN,0.80078125,NaN
1152,539471,6,0,NaN,1,NaN,0.798828125,NaN
1153,539880,6,0,NaN,1,NaN,0.80078125,NaN
1154,540290,6,0,NaN,1,NaN,0.798828125,NaN
1155,540699,6,0,NaN,1,NaN,0.80078125,NaN
1156,541109,6,0,NaN,1,NaN,0.80078125,NaN
1157,541519,6,1,NaN,NaN,1,1.119140625,1.244140625
1158,542092,6,0,0.125,1,NaN,0.80078125,NaN
1159,542502,6,0,NaN,1,NaN,0.798828125,NaN
1160,542911,6,0,NaN,1,NaN,0.80078125,NaN
1161,543321,6,0,NaN,1,NaN,0.798828125,NaN
1162,543730,6,0,NaN,1,NaN,0.80078125,NaN
1163,544140,6,0,NaN,1,NaN,0.80078125,NaN
1164,544550,6,0,NaN,1,NaN,0.798828125,NaN
1165,544959,6,0,NaN,1,NaN,0.80078125,NaN
1166,545369,6,0,NaN,1,NaN,0.798828125,NaN
1167,545778,6,0,NaN,1,NaN,0.80078125,NaN
1168,546188,6,0,NaN,1,NaN,0.798828125,NaN
1169,546597,6,0,NaN,1,NaN,0.80078125,NaN
1170,547007,6,0,NaN,1,NaN,0.798828125,NaN
1171,547416,6,1,NaN,NaN,1,1.12109375,1.173828125
1172,547990,6,0,0.052734375,1,NaN,0.80078125,NaN
1173,548400,6,0,NaN,1,NaN,0.798828125,NaN
1174,548809,6,0,NaN,1,NaN,0.798828125,NaN
1175,549218,6,0,NaN,1,NaN,0.80078125,NaN
1176,549628,6,0,NaN,1,NaN,0.80078125,NaN
1177,550038,6,0,NaN,1,NaN,0.798828125,NaN
1178,550447,6,0,NaN,1,NaN,0.80078125,NaN
1179,550857,6,0,NaN,1,NaN,0.798828125,NaN
1180,551266,6,0,NaN,1,NaN,0.80078125,NaN
1181,551676,6,0,NaN,1,NaN,0.80078125,NaN
1182,552086,6,0,NaN,1,NaN,0.798828125,NaN
1183,552495,6,0,NaN,1,NaN,0.80078125,NaN
1184,552905,6,0,NaN,1,NaN,0.798828125,NaN
1185,553314,6,0,NaN,1,NaN,0.80078125,NaN
1186,553724,6,1,1.091796875,NaN,1,1.119140625,1.091796875
1187,554297,6,0,NaN,1,NaN,0.80078125,NaN
1188,554707,6,0,NaN,1,NaN,0.798828125,NaN
1189,555116,6,0,NaN,1,NaN,0.80078125,NaN
1190,555526,6,0,NaN,1,NaN,0.798828125,NaN
1191,555935,6,0,NaN,1,NaN,0.80078125,NaN
1192,556345,6,0,NaN,1,NaN,0.798828125,NaN
1193,556754,6,1,NaN,NaN,0,1.12109375,NaN
1194,557328,6,0,NaN,1,NaN,0.798828125,NaN
1195,557737,6,0,NaN,1,NaN,0.80078125,NaN
1196,558147,6,0,NaN,1,NaN,0.80078125,NaN
1197,558557,6,0,NaN,1,NaN,0.798828125,NaN
1198,558966,6,0,NaN,1,NaN,0.80078125,NaN
1199,559376,6,0,NaN,1,NaN,0.798828125,NaN
1200,559785,6,0,NaN,1,NaN,0.80078125,NaN
1201,560195,6,0,NaN,1,NaN,0.80078125,NaN
1202,560605,6,0,NaN,1,NaN,0.798828125,NaN
1203,561014,6,1,NaN,NaN,1,1.12109375,1.259765625
1204,561588,6,0,0.138671875,1,NaN,0.798828125,NaN
1205,561997,6,0,NaN,1,NaN,0.798828125,NaN
1206,562406,6,0,NaN,1,NaN,0.80078125,NaN
1207,562816,6,0,NaN,1,NaN,0.80078125,NaN
1208,563226,6,0,NaN,1,NaN,0.798828125,NaN
1209,563635,6,0,NaN,1,NaN,0.80078125,NaN
1210,564045,6,0,NaN,1,NaN,0.798828125,NaN
1211,564454,6,0,NaN,1,NaN,0.80078125,NaN
1212,564864,6,0,NaN,1,NaN,0.80078125,NaN
1213,565274,6,0,NaN,1,NaN,0.798828125,NaN
1214,565683,6,1,NaN,NaN,1,1.119140625,1.28515625
1215,566256,6,0,0.166015625,1,NaN,0.80078125,NaN
1216,566666,6,0,NaN,1,NaN,0.80078125,NaN
1217,567076,6,0,NaN,1,NaN,0.798828125,NaN
1218,567485,6,0,NaN,1,NaN,0.80078125,NaN
1219,567895,6,0,NaN,1,NaN,0.798828125,NaN
1220,568304,6,0,NaN,1,NaN,0.80078125,NaN
1221,568714,6,0,NaN,1,NaN,0.798828125,NaN
1222,569123,6,0,NaN,1,NaN,0.80078125,NaN
1223,569533,6,1,NaN,NaN,1,1.119140625,1.31640625
1224,570106,6,0,0.197265625,1,NaN,0.80078125,NaN
1225,570516,6,0,NaN,1,NaN,0.798828125,NaN
1226,570925,6,0,NaN,1,NaN,0.80078125,NaN
1227,571335,6,0,NaN,1,NaN,0.80078125,NaN
1228,571745,6,0,NaN,1,NaN,0.798828125,NaN
1229,572154,6,0,NaN,1,NaN,0.80078125,NaN
1230,572564,6,0,NaN,1,NaN,0.80078125,NaN
1231,572974,6,0,NaN,1,NaN,0.798828125,NaN
1232,573383,6,1,NaN,NaN,1,1.119140625,1.1875
1233,573956,6,0,0.068359375,1,NaN,0.80078125,NaN
1234,574366,6,0,NaN,1,NaN,0.798828125,NaN
1235,574775,6,0,NaN,1,NaN,0.80078125,NaN
1236,575185,6,0,NaN,1,NaN,0.80078125,NaN
1237,575595,6,0,NaN,1,NaN,0.798828125,NaN
1238,576004,6,0,NaN,1,NaN,0.80078125,NaN
1239,576414,6,0,NaN,1,NaN,0.798828125,NaN
1240,576823,6,0,NaN,1,NaN,0.80078125,NaN
1241,577233,6,0,NaN,1,NaN,0.798828125,NaN
1242,577642,6,1,NaN,NaN,1,1.12109375,1.25390625
1243,578216,6,0,0.1328125,1,NaN,0.798828125,NaN
1244,578625,6,0,NaN,1,NaN,0.80078125,NaN
1245,579035,6,0,NaN,1,NaN,0.798828125,NaN
1246,579444,6,0,NaN,1,NaN,0.80078125,NaN
1247,579854,6,0,NaN,1,NaN,0.80078125,NaN
1248,580264,6,0,NaN,1,NaN,0.798828125,NaN
1249,580673,6,0,NaN,1,NaN,0.80078125,NaN
1250,581083,6,0,NaN,1,NaN,0.80078125,NaN
1251,581493,6,1,NaN,NaN,1,1.119140625,1.275390625
1252,582066,6,0,0.15625,1,NaN,0.80078125,NaN
1253,582476,6,0,NaN,1,NaN,0.798828125,NaN
1254,582885,6,0,NaN,1,NaN,0.798828125,NaN
1255,583294,6,0,NaN,1,NaN,0.80078125,NaN
1256,583704,6,0,NaN,1,NaN,0.80078125,NaN
1257,584114,6,0,NaN,1,NaN,0.798828125,NaN
1258,584523,6,0,NaN,1,NaN,0.80078125,NaN
1259,584933,6,0,NaN,1,NaN,0.798828125,NaN
1260,585342,6,0,NaN,1,NaN,0.80078125,NaN
1261,585752,6,1,NaN,NaN,1,1.119140625,1.1328125
1262,586325,6,0,0.013671875,1,NaN,0.80078125,NaN
1263,586735,6,0,NaN,1,NaN,0.798828125,NaN
1264,587144,6,0,NaN,1,NaN,0.80078125,NaN
1265,587554,6,0,NaN,1,NaN,0.798828125,NaN
1266,587963,6,0,NaN,1,NaN,0.80078125,NaN
1267,588373,6,0,NaN,1,NaN,0.80078125,NaN
1268,588783,6,0,NaN,1,NaN,0.798828125,NaN
1269,589192,6,0,NaN,1,NaN,0.80078125,NaN
1270,589602,6,0,NaN,1,NaN,0.80078125,NaN
1271,590012,6,0,NaN,1,NaN,0.798828125,NaN
1272,590421,6,0,NaN,1,NaN,0.80078125,NaN
1273,590831,6,0,NaN,1,NaN,0.798828125,NaN
1274,591240,6,0,NaN,1,NaN,0.80078125,NaN
1275,591650,6,1,NaN,NaN,1,1.119140625,1.35546875
1276,592223,6,0,0.236328125,1,NaN,0.798828125,NaN
1277,592632,6,0,NaN,1,NaN,0.80078125,NaN
1278,593042,6,0,NaN,1,NaN,0.80078125,NaN
1279,593452,6,0,NaN,1,NaN,0.798828125,NaN
1280,593861,6,0,NaN,1,NaN,0.80078125,NaN
1281,594271,6,0,NaN,1,NaN,0.80078125,NaN
1282,594681,6,0,NaN,1,NaN,0.798828125,NaN
1283,595090,6,0,NaN,1,NaN,0.798828125,NaN
1284,595499,6,0,NaN,1,NaN,0.80078125,NaN
1285,595909,6,1,NaN,NaN,1,1.119140625,1.5
1286,596482,6,0,0.380859375,1,NaN,0.80078125,NaN
1287,596892,6,0,NaN,1,NaN,0.80078125,NaN
1288,597302,6,0,NaN,1,NaN,0.798828125,NaN
1289,597711,6,0,NaN,1,NaN,0.80078125,NaN
1290,598121,6,0,NaN,1,NaN,0.798828125,NaN
1291,598530,6,0,NaN,1,NaN,0.80078125,NaN
1292,598940,6,0,NaN,1,NaN,0.798828125,NaN
1293,599349,6,0,NaN,1,NaN,0.80078125,NaN
1294,599759,6,1,NaN,NaN,0,1.119140625,NaN
1295,600332,6,0,NaN,1,NaN,0.80078125,NaN
1296,600742,6,0,NaN,1,NaN,0.798828125,NaN
1297,601151,6,0,NaN,1,NaN,0.80078125,NaN
1298,601561,6,0,NaN,1,NaN,0.80078125,NaN
1299,601971,6,0,NaN,1,NaN,0.798828125,NaN
1300,602380,6,0,NaN,1,NaN,0.80078125,NaN
1301,602790,6,1,NaN,NaN,1,1.119140625,1.203125
1302,603363,6,0,0.083984375,1,NaN,0.80078125,NaN
1303,603773,6,0,NaN,1,NaN,0.798828125,NaN
1304,604182,6,0,NaN,1,NaN,0.80078125,NaN
1305,604592,6,0,NaN,1,NaN,0.798828125,NaN
1306,605001,6,0,NaN,1,NaN,0.80078125,NaN
1307,605411,6,0,NaN,1,NaN,0.80078125,NaN
1308,605821,6,0,NaN,1,NaN,0.798828125,NaN
1309,606230,6,0,NaN,1,NaN,0.80078125,NaN
1310,606640,6,0,NaN,1,NaN,0.798828125,NaN
1311,607049,6,0,NaN,1,NaN,0.80078125,NaN
1312,607459,6,1,NaN,NaN,1,1.119140625,1.1796875
1313,608032,6,0,0.060546875,1,NaN,0.80078125,NaN
1314,608442,6,0,NaN,1,NaN,0.798828125,NaN
1315,608851,6,0,NaN,1,NaN,0.80078125,NaN
1316,609261,6,0,NaN,1,NaN,0.798828125,NaN
1317,609670,6,0,NaN,1,NaN,0.80078125,NaN
1318,610080,6,0,NaN,1,NaN,0.80078125,NaN
1319,610490,6,0,NaN,1,NaN,0.798828125,NaN
1320,610899,6,0,NaN,1,NaN,0.80078125,NaN
1321,611309,6,0,NaN,1,NaN,0.798828125,NaN
1322,611718,6,0,NaN,1,NaN,0.80078125,NaN
1323,612128,6,0,NaN,1,NaN,0.798828125,NaN
1324,612537,6,0,NaN,1,NaN,0.80078125,NaN
1325,612947,6,0,NaN,1,NaN,0.80078125,NaN
1326,613357,6,0,NaN,1,NaN,0.798828125,NaN
1327,613766,6,1,NaN,NaN,1,1.12109375,1.171875
1328,614340,6,0,0.05078125,1,NaN,0.798828125,NaN
1329,614749,6,0,NaN,1,NaN,0.80078125,NaN
1330,615159,6,0,NaN,1,NaN,0.798828125,NaN
1331,615568,6,0,NaN,1,NaN,0.80078125,NaN
1332,615978,6,0,NaN,1,NaN,0.798828125,NaN
1333,616387,6,0,NaN,1,NaN,0.80078125,NaN
1334,616797,6,0,NaN,1,NaN,0.798828125,NaN
1335,617206,6,0,NaN,1,NaN,0.80078125,NaN
1336,617616,6,0,NaN,1,NaN,0.80078125,NaN
1337,618026,6,0,NaN,1,NaN,0.798828125,NaN
1338,618435,6,0,NaN,1,NaN,0.80078125,NaN
1339,618845,6,0,NaN,1,NaN,0.798828125,NaN
1340,619254,6,0,NaN,1,NaN,0.80078125,NaN
1341,619664,6,0,NaN,1,NaN,0.798828125,NaN
1342,620073,6,1,NaN,NaN,1,1.12109375,1.1484375
1343,620647,6,0,0.02734375,1,NaN,0.798828125,NaN
1344,621056,6,0,NaN,1,NaN,0.80078125,NaN
1345,621466,6,0,NaN,1,NaN,0.80078125,NaN
1346,621876,6,0,NaN,1,NaN,0.798828125,NaN
1347,622285,6,0,NaN,1,NaN,0.80078125,NaN
1348,622695,6,0,NaN,1,NaN,0.798828125,NaN
1349,623104,6,0,NaN,1,NaN,15.919921875,NaN
1350,631255,7,0,NaN,1,NaN,0.798828125,NaN
1351,631664,7,0,NaN,1,NaN,0.80078125,NaN
1352,632074,7,0,NaN,1,NaN,0.798828125,NaN
1353,632483,7,0,NaN,1,NaN,0.80078125,NaN
1354,632893,7,0,NaN,1,NaN,0.798828125,NaN
1355,633302,7,0,NaN,1,NaN,0.80078125,NaN
1356,633712,7,0,NaN,1,NaN,0.80078125,NaN
1357,634122,7,0,NaN,1,NaN,0.798828125,NaN
1358,634531,7,1,NaN,NaN,1,1.12109375,1.31640625
1359,635105,7,0,0.1953125,1,NaN,0.798828125,NaN
1360,635514,7,0,NaN,1,NaN,0.80078125,NaN
1361,635924,7,0,NaN,1,NaN,0.80078125,NaN
1362,636334,7,0,NaN,1,NaN,0.798828125,NaN
1363,636743,7,0,NaN,1,NaN,0.798828125,NaN
1364,637152,7,0,NaN,1,NaN,0.80078125,NaN
1365,637562,7,0,NaN,1,NaN,0.798828125,NaN
1366,637971,7,0,NaN,1,NaN,0.80078125,NaN
1367,638381,7,0,NaN,1,NaN,0.80078125,NaN
1368,638791,7,0,NaN,1,NaN,0.798828125,NaN
1369,639200,7,0,NaN,1,NaN,0.80078125,NaN
1370,639610,7,0,NaN,1,NaN,0.798828125,NaN
1371,640019,7,0,NaN,1,NaN,0.80078125,NaN
1372,640429,7,1,NaN,NaN,1,1.119140625,1.212890625
1373,641002,7,0,0.09375,1,NaN,0.80078125,NaN
1374,641412,7,0,NaN,1,NaN,0.798828125,NaN
1375,641821,7,0,NaN,1,NaN,0.80078125,NaN
1376,642231,7,0,NaN,1,NaN,0.80078125,NaN
1377,642641,7,0,NaN,1,NaN,0.798828125,NaN
1378,643050,7,0,NaN,1,NaN,0.80078125,NaN
1379,643460,7,0,NaN,1,NaN,0.798828125,NaN
1380,643869,7,0,NaN,1,NaN,0.80078125,NaN
1381,644279,7,0,NaN,1,NaN,0.798828125,NaN
1382,644688,7,0,NaN,1,NaN,0.80078125,NaN
1383,645098,7,0,NaN,1,NaN,0.80078125,NaN
1384,645508,7,1,NaN,NaN,1,1.119140625,1.1875
1385,646081,7,0,0.068359375,1,NaN,0.798828125,NaN
1386,646490,7,0,NaN,1,NaN,0.80078125,NaN
1387,646900,7,0,NaN,1,NaN,0.80078125,NaN
1388,647310,7,0,NaN,1,NaN,0.798828125,NaN
1389,647719,7,0,NaN,1,NaN,0.80078125,NaN
1390,648129,7,0,NaN,1,NaN,0.798828125,NaN
1391,648538,7,0,NaN,1,NaN,0.80078125,NaN
1392,648948,7,0,NaN,1,NaN,0.798828125,NaN
1393,649357,7,0,NaN,1,NaN,0.80078125,NaN
1394,649767,7,0,NaN,1,NaN,0.80078125,NaN
1395,650177,7,1,NaN,NaN,1,1.119140625,1.32421875
1396,650750,7,0,0.205078125,1,NaN,0.80078125,NaN
1397,651160,7,0,NaN,1,NaN,0.798828125,NaN
1398,651569,7,0,NaN,1,NaN,0.80078125,NaN
1399,651979,7,0,NaN,1,NaN,0.798828125,NaN
1400,652388,7,0,NaN,1,NaN,0.80078125,NaN
1401,652798,7,0,NaN,1,NaN,0.798828125,NaN
1402,653207,7,0,NaN,1,NaN,0.80078125,NaN
1403,653617,7,0,NaN,1,NaN,0.80078125,NaN
1404,654027,7,0,NaN,1,NaN,0.798828125,NaN
1405,654436,7,1,1.091796875,NaN,1,1.119140625,1.091796875
1406,655009,7,0,NaN,1,NaN,0.80078125,NaN
1407,655419,7,0,NaN,1,NaN,0.80078125,NaN
1408,655829,7,0,NaN,1,NaN,0.798828125,NaN
1409,656238,7,0,NaN,1,NaN,0.80078125,NaN
1410,656648,7,0,NaN,1,NaN,0.798828125,NaN
1411,657057,7,0,NaN,1,NaN,0.80078125,NaN
1412,657467,7,0,NaN,1,NaN,0.798828125,NaN
1413,657876,7,0,NaN,1,NaN,0.80078125,NaN
1414,658286,7,0,NaN,1,NaN,0.80078125,NaN
1415,658696,7,0,NaN,1,NaN,0.798828125,NaN
1416,659105,7,1,1.1171875,NaN,1,1.919921875,1.1171875
1417,660088,7,0,NaN,1,NaN,0.80078125,NaN
1418,660498,7,0,NaN,1,NaN,0.80078125,NaN
1419,660908,7,0,NaN,1,NaN,0.798828125,NaN
1420,661317,7,0,NaN,1,NaN,0.80078125,NaN
1421,661727,7,0,NaN,1,NaN,0.798828125,NaN
1422,662136,7,0,NaN,1,NaN,0.80078125,NaN
1423,662546,7,0,NaN,1,NaN,0.798828125,NaN
1424,662955,7,1,NaN,NaN,1,1.119140625,1.220703125
1425,663528,7,0,0.1015625,1,NaN,0.80078125,NaN
1426,663938,7,0,NaN,1,NaN,0.80078125,NaN
1427,664348,7,0,NaN,1,NaN,0.798828125,NaN
1428,664757,7,0,NaN,1,NaN,0.80078125,NaN
1429,665167,7,0,NaN,1,NaN,0.798828125,NaN
1430,665576,7,0,NaN,1,NaN,0.80078125,NaN
1431,665986,7,0,NaN,1,NaN,0.798828125,NaN
1432,666395,7,0,NaN,1,NaN,0.80078125,NaN
1433,666805,7,0,NaN,1,NaN,0.80078125,NaN
1434,667215,7,0,NaN,1,NaN,0.798828125,NaN
1435,667624,7,1,NaN,NaN,1,1.12109375,1.220703125
1436,668198,7,0,0.099609375,1,NaN,0.798828125,NaN
1437,668607,7,0,NaN,1,NaN,0.80078125,NaN
1438,669017,7,0,NaN,1,NaN,0.798828125,NaN
1439,669426,7,0,NaN,1,NaN,0.80078125,NaN
1440,669836,7,0,NaN,1,NaN,0.798828125,NaN
1441,670245,7,0,NaN,1,NaN,0.80078125,NaN
1442,670655,7,0,NaN,1,NaN,0.798828125,NaN
1443,671064,7,0,NaN,1,NaN,0.80078125,NaN
1444,671474,7,0,NaN,1,NaN,0.80078125,NaN
1445,671884,7,1,NaN,NaN,1,1.119140625,1.267578125
1446,672457,7,0,0.1484375,1,NaN,0.80078125,NaN
1447,672867,7,0,NaN,1,NaN,0.798828125,NaN
1448,673276,7,0,NaN,1,NaN,0.80078125,NaN
1449,673686,7,0,NaN,1,NaN,0.798828125,NaN
1450,674095,7,0,NaN,1,NaN,0.80078125,NaN
1451,674505,7,0,NaN,1,NaN,0.798828125,NaN
1452,674914,7,0,NaN,1,NaN,0.80078125,NaN
1453,675324,7,0,NaN,1,NaN,0.80078125,NaN
1454,675734,7,0,NaN,1,NaN,0.798828125,NaN
1455,676143,7,0,NaN,1,NaN,0.80078125,NaN
1456,676553,7,0,NaN,1,NaN,0.798828125,NaN
1457,676962,7,1,NaN,NaN,1,1.12109375,1.26953125
1458,677536,7,0,0.1484375,1,NaN,0.798828125,NaN
1459,677945,7,0,NaN,1,NaN,0.80078125,NaN
1460,678355,7,0,NaN,1,NaN,0.80078125,NaN
1461,678765,7,0,NaN,1,NaN,0.798828125,NaN
1462,679174,7,0,NaN,1,NaN,0.80078125,NaN
1463,679584,7,0,NaN,1,NaN,0.798828125,NaN
1464,679993,7,0,NaN,1,NaN,0.80078125,NaN
1465,680403,7,0,NaN,1,NaN,0.798828125,NaN
1466,680812,7,0,NaN,1,NaN,0.80078125,NaN
1467,681222,7,1,NaN,NaN,1,1.119140625,1.1953125
1468,681795,7,0,0.076171875,1,NaN,0.80078125,NaN
1469,682205,7,0,NaN,1,NaN,0.798828125,NaN
1470,682614,7,0,NaN,1,NaN,0.80078125,NaN
1471,683024,7,0,NaN,1,NaN,0.798828125,NaN
1472,683433,7,0,NaN,1,NaN,0.80078125,NaN
1473,683843,7,0,NaN,1,NaN,0.80078125,NaN
1474,684253,7,0,NaN,1,NaN,0.798828125,NaN
1475,684662,7,1,NaN,NaN,1,1.119140625,1.251953125
1476,685235,7,0,0.1328125,1,NaN,0.80078125,NaN
1477,685645,7,0,NaN,1,NaN,0.80078125,NaN
1478,686055,7,0,NaN,1,NaN,0.798828125,NaN
1479,686464,7,0,NaN,1,NaN,0.80078125,NaN
1480,686874,7,0,NaN,1,NaN,0.798828125,NaN
1481,687283,7,0,NaN,1,NaN,0.80078125,NaN
1482,687693,7,0,NaN,1,NaN,0.80078125,NaN
1483,688103,7,0,NaN,1,NaN,0.798828125,NaN
1484,688512,7,1,NaN,NaN,1,1.119140625,1.1484375
1485,689085,7,0,0.029296875,1,NaN,0.80078125,NaN
1486,689495,7,0,NaN,1,NaN,0.80078125,NaN
1487,689905,7,0,NaN,1,NaN,0.798828125,NaN
1488,690314,7,0,NaN,1,NaN,0.80078125,NaN
1489,690724,7,0,NaN,1,NaN,0.798828125,NaN
1490,691133,7,0,NaN,1,NaN,0.80078125,NaN
1491,691543,7,0,NaN,1,NaN,0.798828125,NaN
1492,691952,7,0,NaN,1,NaN,0.80078125,NaN
1493,692362,7,0,NaN,1,NaN,0.798828125,NaN
1494,692771,7,0,NaN,1,NaN,0.80078125,NaN
1495,693181,7,0,NaN,1,NaN,0.80078125,NaN
1496,693591,7,0,NaN,1,NaN,0.798828125,NaN
1497,694000,7,0,NaN,1,NaN,0.80078125,NaN
1498,694410,7,0,NaN,1,NaN,0.798828125,NaN
1499,694819,7,1,1.1171875,NaN,1,1.921875,1.1171875
1500,695803,7,0,NaN,1,NaN,0.798828125,NaN
1501,696212,7,0,NaN,1,NaN,0.798828125,NaN
1502,696621,7,0,NaN,1,NaN,0.80078125,NaN
1503,697031,7,0,NaN,1,NaN,0.80078125,NaN
1504,697441,7,0,NaN,1,NaN,0.798828125,NaN
1505,697850,7,0,NaN,1,NaN,0.80078125,NaN
1506,698260,7,0,NaN,1,NaN,0.80078125,NaN
1507,698670,7,0,NaN,1,NaN,0.798828125,NaN
1508,699079,7,0,NaN,1,NaN,0.80078125,NaN
1509,699489,7,0,NaN,1,NaN,0.798828125,NaN
1510,699898,7,0,NaN,1,NaN,0.80078125,NaN
1511,700308,7,0,NaN,1,NaN,0.798828125,NaN
1512,700717,7,0,NaN,1,NaN,0.80078125,NaN
1513,701127,7,1,NaN,NaN,1,1.119140625,1.1796875
1514,701700,7,0,0.060546875,1,NaN,0.80078125,NaN
1515,702110,7,0,NaN,1,NaN,0.798828125,NaN
1516,702519,7,0,NaN,1,NaN,0.80078125,NaN
1517,702929,7,0,NaN,1,NaN,0.798828125,NaN
1518,703338,7,0,NaN,1,NaN,0.80078125,NaN
1519,703748,7,0,NaN,1,NaN,0.798828125,NaN
1520,704157,7,0,NaN,1,NaN,0.80078125,NaN
1521,704567,7,0,NaN,1,NaN,0.80078125,NaN
1522,704977,7,0,NaN,1,NaN,0.798828125,NaN
1523,705386,7,1,NaN,NaN,1,1.12109375,1.373046875
1524,705960,7,0,0.251953125,1,NaN,0.798828125,NaN
1525,706369,7,0,NaN,1,NaN,0.80078125,NaN
1526,706779,7,0,NaN,1,NaN,0.80078125,NaN
1527,707189,7,0,NaN,1,NaN,0.798828125,NaN
1528,707598,7,0,NaN,1,NaN,0.798828125,NaN
1529,708007,7,0,NaN,1,NaN,0.80078125,NaN
1530,708417,7,0,NaN,1,NaN,0.80078125,NaN
1531,708827,7,0,NaN,1,NaN,0.798828125,NaN
1532,709236,7,0,NaN,1,NaN,0.80078125,NaN
1533,709646,7,0,NaN,1,NaN,0.798828125,NaN
1534,710055,7,1,NaN,NaN,1,1.12109375,1.33203125
1535,710629,7,0,0.2109375,1,NaN,0.798828125,NaN
1536,711038,7,0,NaN,1,NaN,0.80078125,NaN
1537,711448,7,0,NaN,1,NaN,0.80078125,NaN
1538,711858,7,0,NaN,1,NaN,0.798828125,NaN
1539,712267,7,0,NaN,1,NaN,0.798828125,NaN
1540,712676,7,0,NaN,1,NaN,0.80078125,NaN
1541,713086,7,1,NaN,NaN,1,1.119140625,1.1875
1542,713659,7,0,0.068359375,1,NaN,0.80078125,NaN
1543,714069,7,0,NaN,1,NaN,0.80078125,NaN
1544,714479,7,0,NaN,1,NaN,0.798828125,NaN
1545,714888,7,0,NaN,1,NaN,0.80078125,NaN
1546,715298,7,0,NaN,1,NaN,0.798828125,NaN
1547,715707,7,0,NaN,1,NaN,0.80078125,NaN
1548,716117,7,0,NaN,1,NaN,0.798828125,NaN
1549,716526,7,0,NaN,1,NaN,0.80078125,NaN
1550,716936,7,0,NaN,1,NaN,0.798828125,NaN
1551,717345,7,1,NaN,NaN,0,1.12109375,NaN
1552,717919,7,0,NaN,1,NaN,0.80078125,NaN
1553,718329,7,0,NaN,1,NaN,0.798828125,NaN
1554,718738,7,0,NaN,1,NaN,0.80078125,NaN
1555,719148,7,0,NaN,1,NaN,0.798828125,NaN
1556,719557,7,0,NaN,1,NaN,0.80078125,NaN
1557,719967,7,0,NaN,1,NaN,0.798828125,NaN
1558,720376,7,0,NaN,1,NaN,0.80078125,NaN
1559,720786,7,0,NaN,1,NaN,0.798828125,NaN
1560,721195,7,0,NaN,1,NaN,0.80078125,NaN
1561,721605,7,0,NaN,1,NaN,0.80078125,NaN
1562,722015,7,0,NaN,1,NaN,0.798828125,NaN
1563,722424,7,1,NaN,NaN,1,1.119140625,1.205078125
1564,722997,7,0,0.0859375,1,NaN,0.80078125,NaN
1565,723407,7,0,NaN,1,NaN,0.80078125,NaN
1566,723817,7,0,NaN,1,NaN,0.798828125,NaN
1567,724226,7,0,NaN,1,NaN,0.80078125,NaN
1568,724636,7,0,NaN,1,NaN,0.798828125,NaN
1569,725045,7,0,NaN,1,NaN,0.80078125,NaN
1570,725455,7,0,NaN,1,NaN,0.80078125,NaN
1571,725865,7,0,NaN,1,NaN,0.798828125,NaN
1572,726274,7,1,NaN,NaN,0,29.55859375,NaN
1573,741408,8,0,NaN,1,NaN,0.798828125,NaN
1574,741817,8,0,NaN,1,NaN,0.80078125,NaN
1575,742227,8,0,NaN,1,NaN,0.798828125,NaN
1576,742636,8,0,NaN,1,NaN,0.80078125,NaN
1577,743046,8,0,NaN,1,NaN,0.798828125,NaN
1578,743455,8,0,NaN,1,NaN,0.80078125,NaN
1579,743865,8,0,NaN,1,NaN,0.798828125,NaN
1580,744274,8,0,NaN,1,NaN,0.80078125,NaN
1581,744684,8,0,NaN,1,NaN,0.80078125,NaN
1582,745094,8,0,NaN,1,NaN,0.798828125,NaN
1583,745503,8,0,NaN,1,NaN,0.80078125,NaN
1584,745913,8,0,NaN,1,NaN,0.798828125,NaN
1585,746322,8,0,NaN,1,NaN,0.80078125,NaN
1586,746732,8,1,NaN,NaN,1,1.12109375,1.140625
1587,747306,8,0,0.01953125,1,NaN,0.798828125,NaN
1588,747715,8,0,NaN,1,NaN,0.798828125,NaN
1589,748124,8,0,NaN,1,NaN,0.80078125,NaN
1590,748534,8,0,NaN,1,NaN,0.80078125,NaN
1591,748944,8,0,NaN,1,NaN,0.798828125,NaN
1592,749353,8,0,NaN,1,NaN,0.80078125,NaN
1593,749763,8,0,NaN,1,NaN,0.798828125,NaN
1594,750172,8,1,NaN,NaN,1,1.12109375,1.30859375
1595,750746,8,0,0.1875,1,NaN,0.798828125,NaN
1596,751155,8,0,NaN,1,NaN,0.80078125,NaN
1597,751565,8,0,NaN,1,NaN,0.80078125,NaN
1598,751975,8,0,NaN,1,NaN,0.798828125,NaN
1599,752384,8,0,NaN,1,NaN,0.798828125,NaN
1600,752793,8,0,NaN,1,NaN,0.80078125,NaN
1601,753203,8,0,NaN,1,NaN,0.80078125,NaN
1602,753613,8,1,NaN,NaN,1,1.119140625,1.21875
1603,754186,8,0,0.099609375,1,NaN,0.80078125,NaN
1604,754596,8,0,NaN,1,NaN,0.798828125,NaN
1605,755005,8,0,NaN,1,NaN,0.80078125,NaN
1606,755415,8,0,NaN,1,NaN,0.80078125,NaN
1607,755825,8,0,NaN,1,NaN,0.798828125,NaN
1608,756234,8,0,NaN,1,NaN,0.798828125,NaN
1609,756643,8,0,NaN,1,NaN,0.80078125,NaN
1610,757053,8,0,NaN,1,NaN,0.80078125,NaN
1611,757463,8,0,NaN,1,NaN,0.798828125,NaN
1612,757872,8,1,NaN,NaN,1,1.119140625,1.212890625
1613,758445,8,0,0.09375,1,NaN,0.80078125,NaN
1614,758855,8,0,NaN,1,NaN,0.80078125,NaN
1615,759265,8,0,NaN,1,NaN,0.798828125,NaN
1616,759674,8,0,NaN,1,NaN,0.80078125,NaN
1617,760084,8,0,NaN,1,NaN,0.798828125,NaN
1618,760493,8,0,NaN,1,NaN,0.80078125,NaN
1619,760903,8,0,NaN,1,NaN,0.798828125,NaN
1620,761312,8,0,NaN,1,NaN,0.80078125,NaN
1621,761722,8,0,NaN,1,NaN,0.80078125,NaN
1622,762132,8,1,NaN,NaN,1,1.119140625,1.171875
1623,762705,8,0,0.052734375,1,NaN,0.80078125,NaN
1624,763115,8,0,NaN,1,NaN,0.798828125,NaN
1625,763524,8,0,NaN,1,NaN,0.80078125,NaN
1626,763934,8,0,NaN,1,NaN,0.80078125,NaN
1627,764344,8,0,NaN,1,NaN,0.798828125,NaN
1628,764753,8,0,NaN,1,NaN,0.798828125,NaN
1629,765162,8,0,NaN,1,NaN,0.80078125,NaN
1630,765572,8,0,NaN,1,NaN,0.798828125,NaN
1631,765981,8,0,NaN,1,NaN,0.80078125,NaN
1632,766391,8,1,NaN,NaN,1,1.119140625,1.236328125
1633,766964,8,0,0.1171875,1,NaN,0.80078125,NaN
1634,767374,8,0,NaN,1,NaN,0.80078125,NaN
1635,767784,8,0,NaN,1,NaN,0.798828125,NaN
1636,768193,8,0,NaN,1,NaN,0.80078125,NaN
1637,768603,8,0,NaN,1,NaN,0.80078125,NaN
1638,769013,8,0,NaN,1,NaN,0.798828125,NaN
1639,769422,8,0,NaN,1,NaN,0.798828125,NaN
1640,769831,8,0,NaN,1,NaN,0.80078125,NaN
1641,770241,8,0,NaN,1,NaN,0.80078125,NaN
1642,770651,8,0,NaN,1,NaN,0.798828125,NaN
1643,771060,8,0,NaN,1,NaN,0.80078125,NaN
1644,771470,8,0,NaN,1,NaN,0.798828125,NaN
1645,771879,8,0,NaN,1,NaN,0.80078125,NaN
1646,772289,8,1,NaN,NaN,1,1.119140625,1.259765625
1647,772862,8,0,0.140625,1,NaN,0.80078125,NaN
1648,773272,8,0,NaN,1,NaN,0.798828125,NaN
1649,773681,8,0,NaN,1,NaN,0.80078125,NaN
1650,774091,8,0,NaN,1,NaN,0.798828125,NaN
1651,774500,8,0,NaN,1,NaN,0.80078125,NaN
1652,774910,8,0,NaN,1,NaN,0.80078125,NaN
1653,775320,8,0,NaN,1,NaN,0.798828125,NaN
1654,775729,8,0,NaN,1,NaN,0.80078125,NaN
1655,776139,8,0,NaN,1,NaN,0.798828125,NaN
1656,776548,8,0,NaN,1,NaN,0.80078125,NaN
1657,776958,8,0,NaN,1,NaN,0.798828125,NaN
1658,777367,8,0,NaN,1,NaN,0.80078125,NaN
1659,777777,8,0,NaN,1,NaN,0.80078125,NaN
1660,778187,8,0,NaN,1,NaN,0.798828125,NaN
1661,778596,8,1,NaN,NaN,1,1.12109375,1.29296875
1662,779170,8,0,0.171875,1,NaN,0.798828125,NaN
1663,779579,8,0,NaN,1,NaN,0.80078125,NaN
1664,779989,8,0,NaN,1,NaN,0.798828125,NaN
1665,780398,8,0,NaN,1,NaN,0.80078125,NaN
1666,780808,8,0,NaN,1,NaN,0.798828125,NaN
1667,781217,8,0,NaN,1,NaN,0.80078125,NaN
1668,781627,8,0,NaN,1,NaN,0.80078125,NaN
1669,782037,8,0,NaN,1,NaN,0.798828125,NaN
1670,782446,8,0,NaN,1,NaN,0.80078125,NaN
1671,782856,8,0,NaN,1,NaN,0.798828125,NaN
1672,783265,8,0,NaN,1,NaN,0.80078125,NaN
1673,783675,8,0,NaN,1,NaN,0.80078125,NaN
1674,784085,8,0,NaN,1,NaN,0.798828125,NaN
1675,784494,8,0,NaN,1,NaN,0.798828125,NaN
1676,784903,8,1,NaN,NaN,1,1.12109375,1.220703125
1677,785477,8,0,0.099609375,1,NaN,0.80078125,NaN
1678,785887,8,0,NaN,1,NaN,0.798828125,NaN
1679,786296,8,0,NaN,1,NaN,0.80078125,NaN
1680,786706,8,0,NaN,1,NaN,0.798828125,NaN
1681,787115,8,0,NaN,1,NaN,0.80078125,NaN
1682,787525,8,0,NaN,1,NaN,0.798828125,NaN
1683,787934,8,0,NaN,1,NaN,0.80078125,NaN
1684,788344,8,0,NaN,1,NaN,0.80078125,NaN
1685,788754,8,0,NaN,1,NaN,0.798828125,NaN
1686,789163,8,0,NaN,1,NaN,0.80078125,NaN
1687,789573,8,0,NaN,1,NaN,0.798828125,NaN
1688,789982,8,0,NaN,1,NaN,0.80078125,NaN
1689,790392,8,0,NaN,1,NaN,0.798828125,NaN
1690,790801,8,0,NaN,1,NaN,0.80078125,NaN
1691,791211,8,1,0.98046875,NaN,1,1.119140625,0.98046875
1692,791784,8,0,NaN,1,NaN,0.80078125,NaN
1693,792194,8,0,NaN,1,NaN,0.798828125,NaN
1694,792603,8,0,NaN,1,NaN,0.80078125,NaN
1695,793013,8,0,NaN,1,NaN,0.798828125,NaN
1696,793422,8,0,NaN,1,NaN,0.80078125,NaN
1697,793832,8,0,NaN,1,NaN,0.80078125,NaN
1698,794242,8,0,NaN,1,NaN,0.798828125,NaN
1699,794651,8,0,NaN,1,NaN,0.80078125,NaN
1700,795061,8,0,NaN,1,NaN,0.80078125,NaN
1701,795471,8,0,NaN,1,NaN,0.798828125,NaN
1702,795880,8,0,NaN,1,NaN,0.80078125,NaN
1703,796290,8,0,NaN,1,NaN,0.798828125,NaN
1704,796699,8,0,NaN,1,NaN,0.80078125,NaN
1705,797109,8,1,NaN,NaN,1,1.119140625,1.236328125
1706,797682,8,0,0.1171875,1,NaN,0.80078125,NaN
1707,798092,8,0,NaN,1,NaN,0.798828125,NaN
1708,798501,8,0,NaN,1,NaN,0.80078125,NaN
1709,798911,8,0,NaN,1,NaN,0.798828125,NaN
1710,799320,8,0,NaN,1,NaN,0.80078125,NaN
1711,799730,8,0,NaN,1,NaN,0.80078125,NaN
1712,800140,8,0,NaN,1,NaN,0.798828125,NaN
1713,800549,8,0,NaN,1,NaN,0.798828125,NaN
1714,800958,8,0,NaN,1,NaN,0.80078125,NaN
1715,801368,8,0,NaN,1,NaN,0.80078125,NaN
1716,801778,8,1,NaN,NaN,1,1.119140625,1.251953125
1717,802351,8,0,0.1328125,1,NaN,0.80078125,NaN
1718,802761,8,0,NaN,1,NaN,0.798828125,NaN
1719,803170,8,0,NaN,1,NaN,0.80078125,NaN
1720,803580,8,0,NaN,1,NaN,0.798828125,NaN
1721,803989,8,0,NaN,1,NaN,0.80078125,NaN
1722,804399,8,0,NaN,1,NaN,0.798828125,NaN
1723,804808,8,1,NaN,NaN,1,1.12109375,1.236328125
1724,805382,8,0,0.115234375,1,NaN,0.798828125,NaN
1725,805791,8,0,NaN,1,NaN,0.80078125,NaN
1726,806201,8,0,NaN,1,NaN,0.80078125,NaN
1727,806611,8,0,NaN,1,NaN,0.798828125,NaN
1728,807020,8,0,NaN,1,NaN,0.80078125,NaN
1729,807430,8,0,NaN,1,NaN,0.798828125,NaN
1730,807839,8,0,NaN,1,NaN,0.80078125,NaN
1731,808249,8,0,NaN,1,NaN,0.80078125,NaN
1732,808659,8,0,NaN,1,NaN,0.798828125,NaN
1733,809068,8,0,NaN,1,NaN,0.798828125,NaN
1734,809477,8,0,NaN,1,NaN,0.80078125,NaN
1735,809887,8,1,NaN,NaN,1,1.119140625,1.189453125
1736,810460,8,0,0.0703125,1,NaN,0.80078125,NaN
1737,810870,8,0,NaN,1,NaN,0.80078125,NaN
1738,811280,8,0,NaN,1,NaN,0.798828125,NaN
1739,811689,8,0,NaN,1,NaN,0.80078125,NaN
1740,812099,8,0,NaN,1,NaN,0.80078125,NaN
1741,812509,8,0,NaN,1,NaN,0.798828125,NaN
1742,812918,8,0,NaN,1,NaN,0.80078125,NaN
1743,813328,8,0,NaN,1,NaN,0.798828125,NaN
1744,813737,8,0,NaN,1,NaN,0.80078125,NaN
1745,814147,8,0,NaN,1,NaN,0.798828125,NaN
1746,814556,8,0,NaN,1,NaN,0.80078125,NaN
1747,814966,8,0,NaN,1,NaN,0.798828125,NaN
1748,815375,8,0,NaN,1,NaN,0.80078125,NaN
1749,815785,8,1,1.091796875,NaN,1,1.119140625,1.091796875
1750,816358,8,0,NaN,1,NaN,0.80078125,NaN
1751,816768,8,0,NaN,1,NaN,0.798828125,NaN
1752,817177,8,0,NaN,1,NaN,0.80078125,NaN
1753,817587,8,0,NaN,1,NaN,0.798828125,NaN
1754,817996,8,0,NaN,1,NaN,0.80078125,NaN
1755,818406,8,0,NaN,1,NaN,0.80078125,NaN
1756,818816,8,0,NaN,1,NaN,0.798828125,NaN
1757,819225,8,0,NaN,1,NaN,0.80078125,NaN
1758,819635,8,0,NaN,1,NaN,0.80078125,NaN
1759,820045,8,0,NaN,1,NaN,0.798828125,NaN
1760,820454,8,0,NaN,1,NaN,0.80078125,NaN
1761,820864,8,0,NaN,1,NaN,0.798828125,NaN
1762,821273,8,0,NaN,1,NaN,0.80078125,NaN
1763,821683,8,1,1.076171875,NaN,1,1.119140625,1.076171875
1764,822256,8,0,NaN,1,NaN,0.798828125,NaN
1765,822665,8,0,NaN,1,NaN,0.80078125,NaN
1766,823075,8,0,NaN,1,NaN,0.80078125,NaN
1767,823485,8,0,NaN,1,NaN,0.798828125,NaN
1768,823894,8,0,NaN,1,NaN,0.80078125,NaN
1769,824304,8,0,NaN,1,NaN,0.798828125,NaN
1770,824713,8,0,NaN,1,NaN,0.80078125,NaN
1771,825123,8,0,NaN,1,NaN,0.80078125,NaN
1772,825533,8,0,NaN,1,NaN,0.798828125,NaN
1773,825942,8,1,NaN,NaN,1,1.12109375,1.267578125
1774,826516,8,0,0.146484375,1,NaN,0.798828125,NaN
1775,826925,8,0,NaN,1,NaN,0.80078125,NaN
1776,827335,8,0,NaN,1,NaN,0.798828125,NaN
1777,827744,8,0,NaN,1,NaN,0.80078125,NaN
1778,828154,8,0,NaN,1,NaN,0.798828125,NaN
1779,828563,8,0,NaN,1,NaN,0.80078125,NaN
1780,828973,8,0,NaN,1,NaN,0.798828125,NaN
1781,829382,8,0,NaN,1,NaN,0.80078125,NaN
1782,829792,8,0,NaN,1,NaN,0.80078125,NaN
1783,830202,8,1,NaN,NaN,1,1.119140625,1.15625
1784,830775,8,0,0.037109375,1,NaN,0.798828125,NaN
1785,831184,8,0,NaN,1,NaN,0.80078125,NaN
1786,831594,8,0,NaN,1,NaN,0.80078125,NaN
1787,832004,8,0,NaN,1,NaN,0.798828125,NaN
1788,832413,8,0,NaN,1,NaN,0.80078125,NaN
1789,832823,8,0,NaN,1,NaN,0.798828125,NaN
1790,833232,8,0,NaN,1,NaN,0.80078125,NaN
1791,833642,8,1,NaN,NaN,1,1.119140625,1.404296875
1792,834215,8,0,0.28515625,1,NaN,0.80078125,NaN
1793,834625,8,0,NaN,1,NaN,0.798828125,NaN
1794,835034,8,0,NaN,1,NaN,0.80078125,NaN
1795,835444,8,0,NaN,1,NaN,0.80078125,NaN
1796,835854,8,0,NaN,1,NaN,0.798828125,NaN
1797,836263,8,0,NaN,1,NaN,NaN,NaN
